1
(0,0)
0
S (0,-1) (0,1) (1,0)
0.3
0.95
1
0.05
-1.00|0.00|-1.00|-1.00|-1.00|-1.00|-1.00|-1.00|-1.00|1.00,DIREITA,65.35
-1.00|0.00|-1.00|-1.00|-1.00|-1.00|-1.00|-1.00|-1.00|1.00,ESQUERDA,71.79
-1.00|0.00|-1.00|-1.00|-1.00|-1.00|-1.00|-1.00|-1.00|1.00,FRENTE,67.19
-1.00|0.00|-1.00|-1.00|-1.00|-1.00|-1.00|-1.00|-1.00|1.00,MEIA_VOLTA,68.82
-1.00|-1.00|-1.00|-1.00|0.00|-1.00|-1.00|0.00|-1.00|8.00,DIREITA,73.51
-1.00|-1.00|-1.00|-1.00|0.00|-1.00|-1.00|0.00|-1.00|8.00,ESQUERDA,90.79
-1.00|-1.00|-1.00|-1.00|0.00|-1.00|-1.00|0.00|-1.00|8.00,FRENTE,89.37
-1.00|-1.00|-1.00|-1.00|0.00|-1.00|-1.00|0.00|-1.00|8.00,MEIA_VOLTA,72.27
-1.00|-1.00|-1.00|-1.00|-1.00|-1.00|-1.00|0.00|-1.00|8.00,DIREITA,69.61
-1.00|-1.00|-1.00|-1.00|-1.00|-1.00|-1.00|0.00|-1.00|8.00,ESQUERDA,79.29
-1.00|-1.00|-1.00|-1.00|-1.00|-1.00|-1.00|0.00|-1.00|8.00,FRENTE,94.95
-1.00|-1.00|-1.00|-1.00|-1.00|-1.00|-1.00|0.00|-1.00|8.00,MEIA_VOLTA,66.22
-1.00|-1.00|-1.00|-1.00|-1.00|-1.00|-1.00|-1.00|-1.00|1.00,DIREITA,66.46
-1.00|-1.00|-1.00|-1.00|-1.00|-1.00|-1.00|-1.00|-1.00|1.00,ESQUERDA,92.08
-1.00|-1.00|-1.00|-1.00|-1.00|-1.00|-1.00|-1.00|-1.00|1.00,FRENTE,250.48
-1.00|-1.00|-1.00|-1.00|-1.00|-1.00|-1.00|-1.00|-1.00|1.00,MEIA_VOLTA,64.62
-1.00|-1.00|-1.00|-1.00|0.00|-1.00|-1.00|-1.00|-1.00|1.00,DIREITA,69.02
-1.00|-1.00|-1.00|-1.00|0.00|-1.00|-1.00|-1.00|-1.00|1.00,ESQUERDA,81.38
-1.00|-1.00|-1.00|-1.00|0.00|-1.00|-1.00|-1.00|-1.00|1.00,FRENTE,85.67
-1.00|-1.00|-1.00|-1.00|0.00|-1.00|-1.00|-1.00|-1.00|1.00,MEIA_VOLTA,65.79
-1.00|-1.00|-1.00|-1.00|-1.00|-1.00|-1.00|-1.00|-1.00|8.00,DIREITA,63.55
-1.00|-1.00|-1.00|-1.00|-1.00|-1.00|-1.00|-1.00|-1.00|8.00,ESQUERDA,67.06
-1.00|-1.00|-1.00|-1.00|-1.00|-1.00|-1.00|-1.00|-1.00|8.00,FRENTE,78.67
-1.00|-1.00|-1.00|-1.00|-1.00|-1.00|-1.00|-1.00|-1.00|8.00,MEIA_VOLTA,65.80
-1.00|-1.00|-1.00|-1.00|0.00|-1.00|-1.00|-1.00|-1.00|8.00,DIREITA,80.98
-1.00|-1.00|-1.00|-1.00|0.00|-1.00|-1.00|-1.00|-1.00|8.00,ESQUERDA,78.36
-1.00|-1.00|-1.00|-1.00|0.00|-1.00|-1.00|-1.00|-1.00|8.00,FRENTE,74.46
-1.00|-1.00|-1.00|-1.00|0.00|-1.00|-1.00|-1.00|-1.00|8.00,MEIA_VOLTA,72.35
-1.00|0.00|-1.00|-1.00|0.00|-1.00|-1.00|-1.00|-1.00|1.00,DIREITA,88.19
-1.00|0.00|-1.00|-1.00|0.00|-1.00|-1.00|-1.00|-1.00|1.00,ESQUERDA,77.37
-1.00|0.00|-1.00|-1.00|0.00|-1.00|-1.00|-1.00|-1.00|1.00,FRENTE,78.34
-1.00|0.00|-1.00|-1.00|0.00|-1.00|-1.00|-1.00|-1.00|1.00,MEIA_VOLTA,76.66
0.00|0.00|100.00|-1.00|-1.00|-1.00|-1.00|-1.00|-1.00|8.00,DIREITA,78.87
0.00|0.00|100.00|-1.00|-1.00|-1.00|-1.00|-1.00|-1.00|8.00,ESQUERDA,113.67
0.00|0.00|100.00|-1.00|-1.00|-1.00|-1.00|-1.00|-1.00|8.00,FRENTE,74.36
0.00|0.00|100.00|-1.00|-1.00|-1.00|-1.00|-1.00|-1.00|8.00,MEIA_VOLTA,75.57
0.00|0.00|100.00|-1.00|-1.00|-1.00|-1.00|0.00|-1.00|8.00,DIREITA,1082.64
0.00|0.00|100.00|-1.00|-1.00|-1.00|-1.00|0.00|-1.00|8.00,ESQUERDA,1550.47
0.00|0.00|100.00|-1.00|-1.00|-1.00|-1.00|0.00|-1.00|8.00,FRENTE,785.64
0.00|0.00|100.00|-1.00|-1.00|-1.00|-1.00|0.00|-1.00|8.00,MEIA_VOLTA,682.88
-1.00|0.00|-1.00|-1.00|-1.00|-1.00|0.00|0.00|100.00|1.00,DIREITA,1517.76
-1.00|0.00|-1.00|-1.00|-1.00|-1.00|0.00|0.00|100.00|1.00,ESQUERDA,1377.83
-1.00|0.00|-1.00|-1.00|-1.00|-1.00|0.00|0.00|100.00|1.00,FRENTE,516.87
-1.00|0.00|-1.00|-1.00|-1.00|-1.00|0.00|0.00|100.00|1.00,MEIA_VOLTA,828.81
-1.00|-1.00|-1.00|0.00|0.00|100.00|-1.00|-1.00|-1.00|1.00,DIREITA,111.19
-1.00|-1.00|-1.00|0.00|0.00|100.00|-1.00|-1.00|-1.00|1.00,ESQUERDA,94.59
-1.00|-1.00|-1.00|0.00|0.00|100.00|-1.00|-1.00|-1.00|1.00,FRENTE,128.83
-1.00|-1.00|-1.00|0.00|0.00|100.00|-1.00|-1.00|-1.00|1.00,MEIA_VOLTA,70.55
-1.00|-1.00|-1.00|-1.00|-1.00|-1.00|0.00|0.00|100.00|1.00,DIREITA,215.83
-1.00|-1.00|-1.00|-1.00|-1.00|-1.00|0.00|0.00|100.00|1.00,ESQUERDA,125.35
-1.00|-1.00|-1.00|-1.00|-1.00|-1.00|0.00|0.00|100.00|1.00,FRENTE,132.22
-1.00|-1.00|-1.00|-1.00|-1.00|-1.00|0.00|0.00|100.00|1.00,MEIA_VOLTA,82.35