1
(0,0)
0
S (0,-1) (0,1) (1,0)
0.2
0.9
1
0.05
-1.00|0.00|-1.00|-1.00|-1.00|-1.00|-1.00|-1.00|-1.00|0.00|1.00|1.00,DIREITA,219.85
-1.00|0.00|-1.00|-1.00|-1.00|-1.00|-1.00|-1.00|-1.00|0.00|1.00|1.00,ESQUERDA,96.13
-1.00|0.00|-1.00|-1.00|-1.00|-1.00|-1.00|-1.00|-1.00|0.00|1.00|1.00,FRENTE,118.46
-1.00|0.00|-1.00|-1.00|-1.00|-1.00|-1.00|-1.00|-1.00|0.00|1.00|1.00,MEIA_VOLTA,100.49
-1.00|-1.00|-1.00|-1.00|-1.00|-1.00|-1.00|0.00|-1.00|0.00|8.00|8.00,DIREITA,106.46
-1.00|-1.00|-1.00|-1.00|-1.00|-1.00|-1.00|0.00|-1.00|0.00|8.00|8.00,ESQUERDA,214.92
-1.00|-1.00|-1.00|-1.00|-1.00|-1.00|-1.00|0.00|-1.00|0.00|8.00|8.00,FRENTE,132.03
-1.00|-1.00|-1.00|-1.00|-1.00|-1.00|-1.00|0.00|-1.00|0.00|8.00|8.00,MEIA_VOLTA,66.90
-1.00|0.00|-1.00|-1.00|0.00|-1.00|-1.00|-1.00|-1.00|0.00|1.00|1.00,DIREITA,77.06
-1.00|0.00|-1.00|-1.00|0.00|-1.00|-1.00|-1.00|-1.00|0.00|1.00|1.00,ESQUERDA,71.27
-1.00|0.00|-1.00|-1.00|0.00|-1.00|-1.00|-1.00|-1.00|0.00|1.00|1.00,FRENTE,60.20
-1.00|0.00|-1.00|-1.00|0.00|-1.00|-1.00|-1.00|-1.00|0.00|1.00|1.00,MEIA_VOLTA,108.65
-1.00|-1.00|-1.00|-1.00|-1.00|-1.00|-1.00|-1.00|-1.00|0.00|8.00|8.00,DIREITA,168.20
-1.00|-1.00|-1.00|-1.00|-1.00|-1.00|-1.00|-1.00|-1.00|0.00|8.00|8.00,ESQUERDA,227.57
-1.00|-1.00|-1.00|-1.00|-1.00|-1.00|-1.00|-1.00|-1.00|0.00|8.00|8.00,FRENTE,246.68
-1.00|-1.00|-1.00|-1.00|-1.00|-1.00|-1.00|-1.00|-1.00|0.00|8.00|8.00,MEIA_VOLTA,193.36
-1.00|-1.00|-1.00|-1.00|-1.00|-1.00|-1.00|-1.00|-1.00|0.00|1.00|1.00,DIREITA,209.99
-1.00|-1.00|-1.00|-1.00|-1.00|-1.00|-1.00|-1.00|-1.00|0.00|1.00|1.00,ESQUERDA,195.55
-1.00|-1.00|-1.00|-1.00|-1.00|-1.00|-1.00|-1.00|-1.00|0.00|1.00|1.00,FRENTE,200.04
-1.00|-1.00|-1.00|-1.00|-1.00|-1.00|-1.00|-1.00|-1.00|0.00|1.00|1.00,MEIA_VOLTA,197.50
-1.00|-1.00|-1.00|1.00|0.00|6.00|-1.00|-1.00|-1.00|0.00|8.00|1.00,DIREITA,245.69
-1.00|-1.00|-1.00|1.00|0.00|6.00|-1.00|-1.00|-1.00|0.00|8.00|1.00,ESQUERDA,225.31
-1.00|-1.00|-1.00|1.00|0.00|6.00|-1.00|-1.00|-1.00|0.00|8.00|1.00,FRENTE,703.18
-1.00|-1.00|-1.00|1.00|0.00|6.00|-1.00|-1.00|-1.00|0.00|8.00|1.00,MEIA_VOLTA,227.65
-1.00|-1.00|-1.00|-1.00|-1.00|-1.00|-1.00|-1.00|-1.00|0.00|1.00|8.00,DIREITA,196.49
-1.00|-1.00|-1.00|-1.00|-1.00|-1.00|-1.00|-1.00|-1.00|0.00|1.00|8.00,ESQUERDA,193.78
-1.00|-1.00|-1.00|-1.00|-1.00|-1.00|-1.00|-1.00|-1.00|0.00|1.00|8.00,FRENTE,163.37
-1.00|-1.00|-1.00|-1.00|-1.00|-1.00|-1.00|-1.00|-1.00|0.00|1.00|8.00,MEIA_VOLTA,197.38
-1.00|-1.00|-1.00|-1.00|-1.00|-1.00|-1.00|-1.00|-1.00|0.00|8.00|1.00,DIREITA,193.10
-1.00|-1.00|-1.00|-1.00|-1.00|-1.00|-1.00|-1.00|-1.00|0.00|8.00|1.00,ESQUERDA,193.33
-1.00|-1.00|-1.00|-1.00|-1.00|-1.00|-1.00|-1.00|-1.00|0.00|8.00|1.00,FRENTE,192.24
-1.00|-1.00|-1.00|-1.00|-1.00|-1.00|-1.00|-1.00|-1.00|0.00|8.00|1.00,MEIA_VOLTA,191.56
1.00|0.00|5.00|-1.00|-1.00|-1.00|-1.00|-1.00|-1.00|0.00|8.00|8.00,DIREITA,237.94
1.00|0.00|5.00|-1.00|-1.00|-1.00|-1.00|-1.00|-1.00|0.00|8.00|8.00,ESQUERDA,635.26
1.00|0.00|5.00|-1.00|-1.00|-1.00|-1.00|-1.00|-1.00|0.00|8.00|8.00,FRENTE,275.82
1.00|0.00|5.00|-1.00|-1.00|-1.00|-1.00|-1.00|-1.00|0.00|8.00|8.00,MEIA_VOLTA,384.58
1.00|0.00|7.00|-1.00|-1.00|-1.00|-1.00|-1.00|-1.00|0.00|8.00|8.00,DIREITA,213.05
1.00|0.00|7.00|-1.00|-1.00|-1.00|-1.00|-1.00|-1.00|0.00|8.00|8.00,ESQUERDA,596.80
1.00|0.00|7.00|-1.00|-1.00|-1.00|-1.00|-1.00|-1.00|0.00|8.00|8.00,FRENTE,274.78
1.00|0.00|7.00|-1.00|-1.00|-1.00|-1.00|-1.00|-1.00|0.00|8.00|8.00,MEIA_VOLTA,446.75
-1.00|-1.00|-1.00|-1.00|-1.00|-1.00|1.00|0.00|6.00|0.00|8.00|1.00,DIREITA,698.72
-1.00|-1.00|-1.00|-1.00|-1.00|-1.00|1.00|0.00|6.00|0.00|8.00|1.00,ESQUERDA,252.43
-1.00|-1.00|-1.00|-1.00|-1.00|-1.00|1.00|0.00|6.00|0.00|8.00|1.00,FRENTE,245.31
-1.00|-1.00|-1.00|-1.00|-1.00|-1.00|1.00|0.00|6.00|0.00|8.00|1.00,MEIA_VOLTA,359.62
-1.00|-1.00|-1.00|-1.00|-1.00|-1.00|1.00|0.00|6.00|0.00|1.00|1.00,DIREITA,617.58
-1.00|-1.00|-1.00|-1.00|-1.00|-1.00|1.00|0.00|6.00|0.00|1.00|1.00,ESQUERDA,217.66
-1.00|-1.00|-1.00|-1.00|-1.00|-1.00|1.00|0.00|6.00|0.00|1.00|1.00,FRENTE,203.24
-1.00|-1.00|-1.00|-1.00|-1.00|-1.00|1.00|0.00|6.00|0.00|1.00|1.00,MEIA_VOLTA,238.23
-1.00|-1.00|-1.00|-1.00|0.00|-1.00|-1.00|-1.00|-1.00|0.00|8.00|8.00,DIREITA,71.91
-1.00|-1.00|-1.00|-1.00|0.00|-1.00|-1.00|-1.00|-1.00|0.00|8.00|8.00,ESQUERDA,132.37
-1.00|-1.00|-1.00|-1.00|0.00|-1.00|-1.00|-1.00|-1.00|0.00|8.00|8.00,FRENTE,66.15
-1.00|-1.00|-1.00|-1.00|0.00|-1.00|-1.00|-1.00|-1.00|0.00|8.00|8.00,MEIA_VOLTA,81.10
-1.00|-1.00|-1.00|1.00|0.00|6.00|-1.00|-1.00|-1.00|0.00|1.00|1.00,DIREITA,191.12
-1.00|-1.00|-1.00|1.00|0.00|6.00|-1.00|-1.00|-1.00|0.00|1.00|1.00,ESQUERDA,235.88
-1.00|-1.00|-1.00|1.00|0.00|6.00|-1.00|-1.00|-1.00|0.00|1.00|1.00,FRENTE,593.40
-1.00|-1.00|-1.00|1.00|0.00|6.00|-1.00|-1.00|-1.00|0.00|1.00|1.00,MEIA_VOLTA,280.24
1.00|0.00|6.00|-1.00|-1.00|-1.00|-1.00|-1.00|-1.00|0.00|1.00|8.00,DIREITA,241.42
1.00|0.00|6.00|-1.00|-1.00|-1.00|-1.00|-1.00|-1.00|0.00|1.00|8.00,ESQUERDA,269.98
1.00|0.00|6.00|-1.00|-1.00|-1.00|-1.00|-1.00|-1.00|0.00|1.00|8.00,FRENTE,224.79
1.00|0.00|6.00|-1.00|-1.00|-1.00|-1.00|-1.00|-1.00|0.00|1.00|8.00,MEIA_VOLTA,434.66
-1.00|-1.00|-1.00|-1.00|-1.00|-1.00|-1.00|-1.00|-1.00|0.01|1.00|1.00,DIREITA,633.68
-1.00|-1.00|-1.00|-1.00|-1.00|-1.00|-1.00|-1.00|-1.00|0.01|1.00|1.00,ESQUERDA,519.75
-1.00|-1.00|-1.00|-1.00|-1.00|-1.00|-1.00|-1.00|-1.00|0.01|1.00|1.00,FRENTE,471.14
-1.00|-1.00|-1.00|-1.00|-1.00|-1.00|-1.00|-1.00|-1.00|0.01|1.00|1.00,MEIA_VOLTA,486.12
-1.00|-1.00|-1.00|-1.00|-1.00|-1.00|-1.00|-1.00|-1.00|0.01|8.00|8.00,DIREITA,145.21
-1.00|-1.00|-1.00|-1.00|-1.00|-1.00|-1.00|-1.00|-1.00|0.01|8.00|8.00,ESQUERDA,708.67
-1.00|-1.00|-1.00|-1.00|-1.00|-1.00|-1.00|-1.00|-1.00|0.01|8.00|8.00,FRENTE,435.19
-1.00|-1.00|-1.00|-1.00|-1.00|-1.00|-1.00|-1.00|-1.00|0.01|8.00|8.00,MEIA_VOLTA,345.40
-1.00|-1.00|-1.00|-1.00|0.00|-1.00|-1.00|-1.00|-1.00|0.01|8.00|8.00,DIREITA,113.89
-1.00|-1.00|-1.00|-1.00|0.00|-1.00|-1.00|-1.00|-1.00|0.01|8.00|8.00,ESQUERDA,138.16
-1.00|-1.00|-1.00|-1.00|0.00|-1.00|-1.00|-1.00|-1.00|0.01|8.00|8.00,FRENTE,104.79
-1.00|-1.00|-1.00|-1.00|0.00|-1.00|-1.00|-1.00|-1.00|0.01|8.00|8.00,MEIA_VOLTA,136.30
-1.00|-1.00|-1.00|-1.00|-1.00|-1.00|-1.00|-1.00|-1.00|0.01|8.00|1.00,DIREITA,396.07
-1.00|-1.00|-1.00|-1.00|-1.00|-1.00|-1.00|-1.00|-1.00|0.01|8.00|1.00,ESQUERDA,674.84
-1.00|-1.00|-1.00|-1.00|-1.00|-1.00|-1.00|-1.00|-1.00|0.01|8.00|1.00,FRENTE,631.21
-1.00|-1.00|-1.00|-1.00|-1.00|-1.00|-1.00|-1.00|-1.00|0.01|8.00|1.00,MEIA_VOLTA,584.76
-1.00|-1.00|-1.00|-1.00|-1.00|-1.00|-1.00|-1.00|-1.00|0.01|1.00|8.00,DIREITA,897.80
-1.00|-1.00|-1.00|-1.00|-1.00|-1.00|-1.00|-1.00|-1.00|0.01|1.00|8.00,ESQUERDA,425.96
-1.00|-1.00|-1.00|-1.00|-1.00|-1.00|-1.00|-1.00|-1.00|0.01|1.00|8.00,FRENTE,311.29
-1.00|-1.00|-1.00|-1.00|-1.00|-1.00|-1.00|-1.00|-1.00|0.01|1.00|8.00,MEIA_VOLTA,360.38
-1.00|-1.00|-1.00|-1.00|0.00|-1.00|-1.00|-1.00|-1.00|0.01|1.00|1.00,DIREITA,182.53
-1.00|-1.00|-1.00|-1.00|0.00|-1.00|-1.00|-1.00|-1.00|0.01|1.00|1.00,ESQUERDA,432.28
-1.00|-1.00|-1.00|-1.00|0.00|-1.00|-1.00|-1.00|-1.00|0.01|1.00|1.00,FRENTE,112.41
-1.00|-1.00|-1.00|-1.00|0.00|-1.00|-1.00|-1.00|-1.00|0.01|1.00|1.00,MEIA_VOLTA,114.45
-1.00|-1.00|-1.00|-1.00|-1.00|-1.00|-1.00|0.00|-1.00|0.01|8.00|8.00,DIREITA,119.58
-1.00|-1.00|-1.00|-1.00|-1.00|-1.00|-1.00|0.00|-1.00|0.01|8.00|8.00,ESQUERDA,790.65
-1.00|-1.00|-1.00|-1.00|-1.00|-1.00|-1.00|0.00|-1.00|0.01|8.00|8.00,FRENTE,388.30
-1.00|-1.00|-1.00|-1.00|-1.00|-1.00|-1.00|0.00|-1.00|0.01|8.00|8.00,MEIA_VOLTA,129.42
-1.00|0.00|-1.00|-1.00|-1.00|-1.00|-1.00|-1.00|-1.00|0.01|1.00|1.00,DIREITA,343.95
-1.00|0.00|-1.00|-1.00|-1.00|-1.00|-1.00|-1.00|-1.00|0.01|1.00|1.00,ESQUERDA,113.23
-1.00|0.00|-1.00|-1.00|-1.00|-1.00|-1.00|-1.00|-1.00|0.01|1.00|1.00,FRENTE,120.52
-1.00|0.00|-1.00|-1.00|-1.00|-1.00|-1.00|-1.00|-1.00|0.01|1.00|1.00,MEIA_VOLTA,121.19
1.00|0.00|7.00|-1.00|-1.00|-1.00|-1.00|-1.00|-1.00|0.01|1.00|8.00,DIREITA,565.28
1.00|0.00|7.00|-1.00|-1.00|-1.00|-1.00|-1.00|-1.00|0.01|1.00|8.00,ESQUERDA,919.14
1.00|0.00|7.00|-1.00|-1.00|-1.00|-1.00|-1.00|-1.00|0.01|1.00|8.00,FRENTE,1385.17
1.00|0.00|7.00|-1.00|-1.00|-1.00|-1.00|-1.00|-1.00|0.01|1.00|8.00,MEIA_VOLTA,799.38
-1.00|-1.00|-1.00|-1.00|-1.00|-1.00|-1.00|-1.00|-1.00|0.02|1.00|1.00,DIREITA,891.87
-1.00|-1.00|-1.00|-1.00|-1.00|-1.00|-1.00|-1.00|-1.00|0.02|1.00|1.00,ESQUERDA,641.34
-1.00|-1.00|-1.00|-1.00|-1.00|-1.00|-1.00|-1.00|-1.00|0.02|1.00|1.00,FRENTE,1250.72
-1.00|-1.00|-1.00|-1.00|-1.00|-1.00|-1.00|-1.00|-1.00|0.02|1.00|1.00,MEIA_VOLTA,633.62
-1.00|-1.00|-1.00|-1.00|-1.00|-1.00|1.00|0.00|5.00|0.02|1.00|1.00,DIREITA,1223.49
-1.00|-1.00|-1.00|-1.00|-1.00|-1.00|1.00|0.00|5.00|0.02|1.00|1.00,ESQUERDA,916.13
-1.00|-1.00|-1.00|-1.00|-1.00|-1.00|1.00|0.00|5.00|0.02|1.00|1.00,FRENTE,850.17
-1.00|-1.00|-1.00|-1.00|-1.00|-1.00|1.00|0.00|5.00|0.02|1.00|1.00,MEIA_VOLTA,1116.33
-1.00|-1.00|-1.00|-1.00|-1.00|-1.00|-1.00|-1.00|-1.00|0.02|8.00|8.00,DIREITA,579.64
-1.00|-1.00|-1.00|-1.00|-1.00|-1.00|-1.00|-1.00|-1.00|0.02|8.00|8.00,ESQUERDA,822.08
-1.00|-1.00|-1.00|-1.00|-1.00|-1.00|-1.00|-1.00|-1.00|0.02|8.00|8.00,FRENTE,617.85
-1.00|-1.00|-1.00|-1.00|-1.00|-1.00|-1.00|-1.00|-1.00|0.02|8.00|8.00,MEIA_VOLTA,781.43
-1.00|-1.00|-1.00|-1.00|-1.00|-1.00|-1.00|-1.00|-1.00|0.02|8.00|1.00,DIREITA,906.65
-1.00|-1.00|-1.00|-1.00|-1.00|-1.00|-1.00|-1.00|-1.00|0.02|8.00|1.00,ESQUERDA,618.22
-1.00|-1.00|-1.00|-1.00|-1.00|-1.00|-1.00|-1.00|-1.00|0.02|8.00|1.00,FRENTE,640.56
-1.00|-1.00|-1.00|-1.00|-1.00|-1.00|-1.00|-1.00|-1.00|0.02|8.00|1.00,MEIA_VOLTA,576.56
-1.00|-1.00|-1.00|1.00|0.00|5.00|-1.00|-1.00|-1.00|0.02|1.00|1.00,DIREITA,929.23
-1.00|-1.00|-1.00|1.00|0.00|5.00|-1.00|-1.00|-1.00|0.02|1.00|1.00,ESQUERDA,773.37
-1.00|-1.00|-1.00|1.00|0.00|5.00|-1.00|-1.00|-1.00|0.02|1.00|1.00,FRENTE,1515.34
-1.00|-1.00|-1.00|1.00|0.00|5.00|-1.00|-1.00|-1.00|0.02|1.00|1.00,MEIA_VOLTA,755.19
1.00|0.00|5.00|-1.00|-1.00|-1.00|-1.00|-1.00|-1.00|0.02|8.00|8.00,DIREITA,774.56
1.00|0.00|5.00|-1.00|-1.00|-1.00|-1.00|-1.00|-1.00|0.02|8.00|8.00,ESQUERDA,1516.44
1.00|0.00|5.00|-1.00|-1.00|-1.00|-1.00|-1.00|-1.00|0.02|8.00|8.00,FRENTE,798.21
1.00|0.00|5.00|-1.00|-1.00|-1.00|-1.00|-1.00|-1.00|0.02|8.00|8.00,MEIA_VOLTA,889.31
-1.00|-1.00|-1.00|-1.00|-1.00|-1.00|-1.00|-1.00|-1.00|0.03|8.00|1.00,DIREITA,900.45
-1.00|-1.00|-1.00|-1.00|-1.00|-1.00|-1.00|-1.00|-1.00|0.03|8.00|1.00,ESQUERDA,909.53
-1.00|-1.00|-1.00|-1.00|-1.00|-1.00|-1.00|-1.00|-1.00|0.03|8.00|1.00,FRENTE,921.22
-1.00|-1.00|-1.00|-1.00|-1.00|-1.00|-1.00|-1.00|-1.00|0.03|8.00|1.00,MEIA_VOLTA,900.67
-1.00|-1.00|-1.00|-1.00|-1.00|-1.00|-1.00|-1.00|-1.00|0.03|1.00|8.00,DIREITA,874.66
-1.00|-1.00|-1.00|-1.00|-1.00|-1.00|-1.00|-1.00|-1.00|0.03|1.00|8.00,ESQUERDA,969.09
-1.00|-1.00|-1.00|-1.00|-1.00|-1.00|-1.00|-1.00|-1.00|0.03|1.00|8.00,FRENTE,879.00
-1.00|-1.00|-1.00|-1.00|-1.00|-1.00|-1.00|-1.00|-1.00|0.03|1.00|8.00,MEIA_VOLTA,877.20
-1.00|-1.00|-1.00|-1.00|-1.00|-1.00|-1.00|-1.00|-1.00|0.03|8.00|8.00,DIREITA,867.01
-1.00|-1.00|-1.00|-1.00|-1.00|-1.00|-1.00|-1.00|-1.00|0.03|8.00|8.00,ESQUERDA,871.60
-1.00|-1.00|-1.00|-1.00|-1.00|-1.00|-1.00|-1.00|-1.00|0.03|8.00|8.00,FRENTE,870.31
-1.00|-1.00|-1.00|-1.00|-1.00|-1.00|-1.00|-1.00|-1.00|0.03|8.00|8.00,MEIA_VOLTA,821.31
-1.00|-1.00|-1.00|-1.00|-1.00|-1.00|-1.00|-1.00|-1.00|0.03|1.00|1.00,DIREITA,885.23
-1.00|-1.00|-1.00|-1.00|-1.00|-1.00|-1.00|-1.00|-1.00|0.03|1.00|1.00,ESQUERDA,881.87
-1.00|-1.00|-1.00|-1.00|-1.00|-1.00|-1.00|-1.00|-1.00|0.03|1.00|1.00,FRENTE,882.96
-1.00|-1.00|-1.00|-1.00|-1.00|-1.00|-1.00|-1.00|-1.00|0.03|1.00|1.00,MEIA_VOLTA,885.63
-1.00|-1.00|-1.00|-1.00|0.00|-1.00|-1.00|-1.00|-1.00|0.00|1.00|1.00,DIREITA,73.22
-1.00|-1.00|-1.00|-1.00|0.00|-1.00|-1.00|-1.00|-1.00|0.00|1.00|1.00,ESQUERDA,124.37
-1.00|-1.00|-1.00|-1.00|0.00|-1.00|-1.00|-1.00|-1.00|0.00|1.00|1.00,FRENTE,69.69
-1.00|-1.00|-1.00|-1.00|0.00|-1.00|-1.00|-1.00|-1.00|0.00|1.00|1.00,MEIA_VOLTA,72.95
-1.00|-1.00|-1.00|-1.00|0.00|-1.00|-1.00|-1.00|-1.00|0.00|1.00|8.00,DIREITA,92.48
-1.00|-1.00|-1.00|-1.00|0.00|-1.00|-1.00|-1.00|-1.00|0.00|1.00|8.00,ESQUERDA,80.44
-1.00|-1.00|-1.00|-1.00|0.00|-1.00|-1.00|-1.00|-1.00|0.00|1.00|8.00,FRENTE,71.04
-1.00|-1.00|-1.00|-1.00|0.00|-1.00|-1.00|-1.00|-1.00|0.00|1.00|8.00,MEIA_VOLTA,173.66
1.00|0.00|6.00|-1.00|-1.00|-1.00|-1.00|-1.00|-1.00|0.00|8.00|8.00,DIREITA,209.81
1.00|0.00|6.00|-1.00|-1.00|-1.00|-1.00|-1.00|-1.00|0.00|8.00|8.00,ESQUERDA,564.13
1.00|0.00|6.00|-1.00|-1.00|-1.00|-1.00|-1.00|-1.00|0.00|8.00|8.00,FRENTE,239.46
1.00|0.00|6.00|-1.00|-1.00|-1.00|-1.00|-1.00|-1.00|0.00|8.00|8.00,MEIA_VOLTA,304.26
-1.00|-1.00|-1.00|1.00|0.00|5.00|-1.00|-1.00|-1.00|0.01|8.00|1.00,DIREITA,497.33
-1.00|-1.00|-1.00|1.00|0.00|5.00|-1.00|-1.00|-1.00|0.01|8.00|1.00,ESQUERDA,473.18
-1.00|-1.00|-1.00|1.00|0.00|5.00|-1.00|-1.00|-1.00|0.01|8.00|1.00,FRENTE,732.72
-1.00|-1.00|-1.00|1.00|0.00|5.00|-1.00|-1.00|-1.00|0.01|8.00|1.00,MEIA_VOLTA,488.27
1.00|0.00|5.00|-1.00|-1.00|-1.00|-1.00|-1.00|-1.00|0.01|8.00|8.00,DIREITA,418.17
1.00|0.00|5.00|-1.00|-1.00|-1.00|-1.00|-1.00|-1.00|0.01|8.00|8.00,ESQUERDA,778.19
1.00|0.00|5.00|-1.00|-1.00|-1.00|-1.00|-1.00|-1.00|0.01|8.00|8.00,FRENTE,591.71
1.00|0.00|5.00|-1.00|-1.00|-1.00|-1.00|-1.00|-1.00|0.01|8.00|8.00,MEIA_VOLTA,726.23
-1.00|-1.00|-1.00|-1.00|-1.00|-1.00|1.00|0.00|5.00|0.01|1.00|1.00,DIREITA,744.21
-1.00|-1.00|-1.00|-1.00|-1.00|-1.00|1.00|0.00|5.00|0.01|1.00|1.00,ESQUERDA,455.26
-1.00|-1.00|-1.00|-1.00|-1.00|-1.00|1.00|0.00|5.00|0.01|1.00|1.00,FRENTE,526.81
-1.00|-1.00|-1.00|-1.00|-1.00|-1.00|1.00|0.00|5.00|0.01|1.00|1.00,MEIA_VOLTA,754.56
-1.00|-1.00|-1.00|-1.00|-1.00|-1.00|1.00|0.00|6.00|0.01|8.00|1.00,DIREITA,658.60
-1.00|-1.00|-1.00|-1.00|-1.00|-1.00|1.00|0.00|6.00|0.01|8.00|1.00,ESQUERDA,417.08
-1.00|-1.00|-1.00|-1.00|-1.00|-1.00|1.00|0.00|6.00|0.01|8.00|1.00,FRENTE,412.58
-1.00|-1.00|-1.00|-1.00|-1.00|-1.00|1.00|0.00|6.00|0.01|8.00|1.00,MEIA_VOLTA,615.16
-1.00|-1.00|-1.00|1.00|0.00|7.00|-1.00|-1.00|-1.00|0.00|1.00|1.00,DIREITA,166.46
-1.00|-1.00|-1.00|1.00|0.00|7.00|-1.00|-1.00|-1.00|0.00|1.00|1.00,ESQUERDA,249.98
-1.00|-1.00|-1.00|1.00|0.00|7.00|-1.00|-1.00|-1.00|0.00|1.00|1.00,FRENTE,415.75
-1.00|-1.00|-1.00|1.00|0.00|7.00|-1.00|-1.00|-1.00|0.00|1.00|1.00,MEIA_VOLTA,260.07
1.00|0.00|7.00|-1.00|-1.00|-1.00|-1.00|-1.00|-1.00|0.00|1.00|8.00,DIREITA,224.05
1.00|0.00|7.00|-1.00|-1.00|-1.00|-1.00|-1.00|-1.00|0.00|1.00|8.00,ESQUERDA,545.25
1.00|0.00|7.00|-1.00|-1.00|-1.00|-1.00|-1.00|-1.00|0.00|1.00|8.00,FRENTE,312.23
1.00|0.00|7.00|-1.00|-1.00|-1.00|-1.00|-1.00|-1.00|0.00|1.00|8.00,MEIA_VOLTA,344.52
-1.00|-1.00|-1.00|0.00|0.00|0.00|-1.00|-1.00|-1.00|0.00|1.00|8.00,DIREITA,112.36
-1.00|-1.00|-1.00|0.00|0.00|0.00|-1.00|-1.00|-1.00|0.00|1.00|8.00,ESQUERDA,163.70
-1.00|-1.00|-1.00|0.00|0.00|0.00|-1.00|-1.00|-1.00|0.00|1.00|8.00,FRENTE,114.16
-1.00|-1.00|-1.00|0.00|0.00|0.00|-1.00|-1.00|-1.00|0.00|1.00|8.00,MEIA_VOLTA,88.11
-1.00|-1.00|-1.00|-1.00|-1.00|-1.00|1.00|0.00|7.00|0.00|1.00|1.00,DIREITA,530.25
-1.00|-1.00|-1.00|-1.00|-1.00|-1.00|1.00|0.00|7.00|0.00|1.00|1.00,ESQUERDA,185.61
-1.00|-1.00|-1.00|-1.00|-1.00|-1.00|1.00|0.00|7.00|0.00|1.00|1.00,FRENTE,223.41
-1.00|-1.00|-1.00|-1.00|-1.00|-1.00|1.00|0.00|7.00|0.00|1.00|1.00,MEIA_VOLTA,415.65
-1.00|-1.00|-1.00|-1.00|0.00|-1.00|-1.00|-1.00|-1.00|0.00|8.00|1.00,DIREITA,82.67
-1.00|-1.00|-1.00|-1.00|0.00|-1.00|-1.00|-1.00|-1.00|0.00|8.00|1.00,ESQUERDA,166.97
-1.00|-1.00|-1.00|-1.00|0.00|-1.00|-1.00|-1.00|-1.00|0.00|8.00|1.00,FRENTE,78.28
-1.00|-1.00|-1.00|-1.00|0.00|-1.00|-1.00|-1.00|-1.00|0.00|8.00|1.00,MEIA_VOLTA,84.82
-1.00|-1.00|-1.00|-1.00|-1.00|-1.00|1.00|0.00|5.00|0.00|8.00|1.00,DIREITA,339.54
-1.00|-1.00|-1.00|-1.00|-1.00|-1.00|1.00|0.00|5.00|0.00|8.00|1.00,ESQUERDA,212.25
-1.00|-1.00|-1.00|-1.00|-1.00|-1.00|1.00|0.00|5.00|0.00|8.00|1.00,FRENTE,269.18
-1.00|-1.00|-1.00|-1.00|-1.00|-1.00|1.00|0.00|5.00|0.00|8.00|1.00,MEIA_VOLTA,562.21
-1.00|-1.00|-1.00|-1.00|-1.00|-1.00|1.00|0.00|5.00|0.00|1.00|1.00,DIREITA,350.27
-1.00|-1.00|-1.00|-1.00|-1.00|-1.00|1.00|0.00|5.00|0.00|1.00|1.00,ESQUERDA,203.85
-1.00|-1.00|-1.00|-1.00|-1.00|-1.00|1.00|0.00|5.00|0.00|1.00|1.00,FRENTE,234.68
-1.00|-1.00|-1.00|-1.00|-1.00|-1.00|1.00|0.00|5.00|0.00|1.00|1.00,MEIA_VOLTA,441.41
-1.00|-1.00|-1.00|-1.00|-1.00|-1.00|0.00|0.00|0.00|0.00|1.00|8.00,DIREITA,76.66
-1.00|-1.00|-1.00|-1.00|-1.00|-1.00|0.00|0.00|0.00|0.00|1.00|8.00,ESQUERDA,70.78
-1.00|-1.00|-1.00|-1.00|-1.00|-1.00|0.00|0.00|0.00|0.00|1.00|8.00,FRENTE,207.35
-1.00|-1.00|-1.00|-1.00|-1.00|-1.00|0.00|0.00|0.00|0.00|1.00|8.00,MEIA_VOLTA,70.44
0.00|0.00|0.00|-1.00|-1.00|-1.00|-1.00|-1.00|-1.00|0.00|8.00|1.00,DIREITA,258.55
0.00|0.00|0.00|-1.00|-1.00|-1.00|-1.00|-1.00|-1.00|0.00|8.00|1.00,ESQUERDA,74.63
0.00|0.00|0.00|-1.00|-1.00|-1.00|-1.00|-1.00|-1.00|0.00|8.00|1.00,FRENTE,99.32
0.00|0.00|0.00|-1.00|-1.00|-1.00|-1.00|-1.00|-1.00|0.00|8.00|1.00,MEIA_VOLTA,72.40
0.00|0.00|0.00|-1.00|-1.00|-1.00|-1.00|-1.00|-1.00|0.00|8.00|8.00,DIREITA,175.25
0.00|0.00|0.00|-1.00|-1.00|-1.00|-1.00|-1.00|-1.00|0.00|8.00|8.00,ESQUERDA,81.66
0.00|0.00|0.00|-1.00|-1.00|-1.00|-1.00|-1.00|-1.00|0.00|8.00|8.00,FRENTE,83.97
0.00|0.00|0.00|-1.00|-1.00|-1.00|-1.00|-1.00|-1.00|0.00|8.00|8.00,MEIA_VOLTA,86.18
-1.00|-1.00|-1.00|-1.00|0.00|-1.00|-1.00|0.00|-1.00|0.00|8.00|8.00,DIREITA,70.98
-1.00|-1.00|-1.00|-1.00|0.00|-1.00|-1.00|0.00|-1.00|0.00|8.00|8.00,ESQUERDA,118.99
-1.00|-1.00|-1.00|-1.00|0.00|-1.00|-1.00|0.00|-1.00|0.00|8.00|8.00,FRENTE,61.09
-1.00|-1.00|-1.00|-1.00|0.00|-1.00|-1.00|0.00|-1.00|0.00|8.00|8.00,MEIA_VOLTA,140.63
0.00|0.00|0.00|-1.00|-1.00|-1.00|-1.00|-1.00|-1.00|0.01|8.00|8.00,DIREITA,596.82
0.00|0.00|0.00|-1.00|-1.00|-1.00|-1.00|-1.00|-1.00|0.01|8.00|8.00,ESQUERDA,1471.50
0.00|0.00|0.00|-1.00|-1.00|-1.00|-1.00|-1.00|-1.00|0.01|8.00|8.00,FRENTE,597.86
0.00|0.00|0.00|-1.00|-1.00|-1.00|-1.00|-1.00|-1.00|0.01|8.00|8.00,MEIA_VOLTA,1293.04
-1.00|-1.00|-1.00|-1.00|-1.00|-1.00|0.00|0.00|0.00|0.01|1.00|1.00,DIREITA,1425.91
-1.00|-1.00|-1.00|-1.00|-1.00|-1.00|0.00|0.00|0.00|0.01|1.00|1.00,ESQUERDA,522.39
-1.00|-1.00|-1.00|-1.00|-1.00|-1.00|0.00|0.00|0.00|0.01|1.00|1.00,FRENTE,543.65
-1.00|-1.00|-1.00|-1.00|-1.00|-1.00|0.00|0.00|0.00|0.01|1.00|1.00,MEIA_VOLTA,1283.91
-1.00|-1.00|-1.00|-1.00|-1.00|-1.00|0.00|0.00|0.00|0.00|1.00|1.00,DIREITA,76.02
-1.00|-1.00|-1.00|-1.00|-1.00|-1.00|0.00|0.00|0.00|0.00|1.00|1.00,ESQUERDA,82.01
-1.00|-1.00|-1.00|-1.00|-1.00|-1.00|0.00|0.00|0.00|0.00|1.00|1.00,FRENTE,148.84
-1.00|-1.00|-1.00|-1.00|-1.00|-1.00|0.00|0.00|0.00|0.00|1.00|1.00,MEIA_VOLTA,83.14
-1.00|-1.00|-1.00|1.00|0.00|7.00|-1.00|-1.00|-1.00|0.01|1.00|1.00,DIREITA,557.93
-1.00|-1.00|-1.00|1.00|0.00|7.00|-1.00|-1.00|-1.00|0.01|1.00|1.00,ESQUERDA,509.88
-1.00|-1.00|-1.00|1.00|0.00|7.00|-1.00|-1.00|-1.00|0.01|1.00|1.00,FRENTE,1149.75
-1.00|-1.00|-1.00|1.00|0.00|7.00|-1.00|-1.00|-1.00|0.01|1.00|1.00,MEIA_VOLTA,498.96
-1.00|-1.00|-1.00|-1.00|-1.00|-1.00|1.00|0.00|7.00|0.01|1.00|1.00,DIREITA,934.81
-1.00|-1.00|-1.00|-1.00|-1.00|-1.00|1.00|0.00|7.00|0.01|1.00|1.00,ESQUERDA,488.50
-1.00|-1.00|-1.00|-1.00|-1.00|-1.00|1.00|0.00|7.00|0.01|1.00|1.00,FRENTE,576.77
-1.00|-1.00|-1.00|-1.00|-1.00|-1.00|1.00|0.00|7.00|0.01|1.00|1.00,MEIA_VOLTA,620.52
1.00|0.00|7.00|-1.00|-1.00|-1.00|-1.00|-1.00|-1.00|0.01|8.00|8.00,DIREITA,372.71
1.00|0.00|7.00|-1.00|-1.00|-1.00|-1.00|-1.00|-1.00|0.01|8.00|8.00,ESQUERDA,754.52
1.00|0.00|7.00|-1.00|-1.00|-1.00|-1.00|-1.00|-1.00|0.01|8.00|8.00,FRENTE,425.72
1.00|0.00|7.00|-1.00|-1.00|-1.00|-1.00|-1.00|-1.00|0.01|8.00|8.00,MEIA_VOLTA,589.85
-1.00|-1.00|-1.00|-1.00|-1.00|-1.00|-1.00|-1.00|-1.00|0.02|1.00|8.00,DIREITA,576.25
-1.00|-1.00|-1.00|-1.00|-1.00|-1.00|-1.00|-1.00|-1.00|0.02|1.00|8.00,ESQUERDA,1054.91
-1.00|-1.00|-1.00|-1.00|-1.00|-1.00|-1.00|-1.00|-1.00|0.02|1.00|8.00,FRENTE,653.13
-1.00|-1.00|-1.00|-1.00|-1.00|-1.00|-1.00|-1.00|-1.00|0.02|1.00|8.00,MEIA_VOLTA,640.98
-1.00|-1.00|-1.00|-1.00|-1.00|-1.00|0.00|0.00|0.00|0.02|1.00|8.00,DIREITA,2196.81
-1.00|-1.00|-1.00|-1.00|-1.00|-1.00|0.00|0.00|0.00|0.02|1.00|8.00,ESQUERDA,1114.89
-1.00|-1.00|-1.00|-1.00|-1.00|-1.00|0.00|0.00|0.00|0.02|1.00|8.00,FRENTE,995.93
-1.00|-1.00|-1.00|-1.00|-1.00|-1.00|0.00|0.00|0.00|0.02|1.00|8.00,MEIA_VOLTA,2066.64
-1.00|-1.00|-1.00|-1.00|-1.00|-1.00|0.00|0.00|0.00|0.02|1.00|1.00,DIREITA,2204.39
-1.00|-1.00|-1.00|-1.00|-1.00|-1.00|0.00|0.00|0.00|0.02|1.00|1.00,ESQUERDA,982.38
-1.00|-1.00|-1.00|-1.00|-1.00|-1.00|0.00|0.00|0.00|0.02|1.00|1.00,FRENTE,1012.69
-1.00|-1.00|-1.00|-1.00|-1.00|-1.00|0.00|0.00|0.00|0.02|1.00|1.00,MEIA_VOLTA,2102.40
0.00|0.00|0.00|-1.00|-1.00|-1.00|-1.00|-1.00|-1.00|0.02|8.00|8.00,DIREITA,1119.99
0.00|0.00|0.00|-1.00|-1.00|-1.00|-1.00|-1.00|-1.00|0.02|8.00|8.00,ESQUERDA,2396.56
0.00|0.00|0.00|-1.00|-1.00|-1.00|-1.00|-1.00|-1.00|0.02|8.00|8.00,FRENTE,1108.56
0.00|0.00|0.00|-1.00|-1.00|-1.00|-1.00|-1.00|-1.00|0.02|8.00|8.00,MEIA_VOLTA,2084.91
-1.00|-1.00|-1.00|0.00|0.00|0.00|-1.00|-1.00|-1.00|0.02|1.00|1.00,DIREITA,1109.27
-1.00|-1.00|-1.00|0.00|0.00|0.00|-1.00|-1.00|-1.00|0.02|1.00|1.00,ESQUERDA,1049.64
-1.00|-1.00|-1.00|0.00|0.00|0.00|-1.00|-1.00|-1.00|0.02|1.00|1.00,FRENTE,2153.15
-1.00|-1.00|-1.00|0.00|0.00|0.00|-1.00|-1.00|-1.00|0.02|1.00|1.00,MEIA_VOLTA,1035.33
-1.00|-1.00|-1.00|1.00|0.00|5.00|-1.00|-1.00|-1.00|0.00|8.00|1.00,DIREITA,209.78
-1.00|-1.00|-1.00|1.00|0.00|5.00|-1.00|-1.00|-1.00|0.00|8.00|1.00,ESQUERDA,223.29
-1.00|-1.00|-1.00|1.00|0.00|5.00|-1.00|-1.00|-1.00|0.00|8.00|1.00,FRENTE,511.81
-1.00|-1.00|-1.00|1.00|0.00|5.00|-1.00|-1.00|-1.00|0.00|8.00|1.00,MEIA_VOLTA,192.16
-1.00|-1.00|-1.00|-1.00|0.00|-1.00|-1.00|-1.00|-1.00|0.01|8.00|1.00,DIREITA,168.02
-1.00|-1.00|-1.00|-1.00|0.00|-1.00|-1.00|-1.00|-1.00|0.01|8.00|1.00,ESQUERDA,296.86
-1.00|-1.00|-1.00|-1.00|0.00|-1.00|-1.00|-1.00|-1.00|0.01|8.00|1.00,FRENTE,214.21
-1.00|-1.00|-1.00|-1.00|0.00|-1.00|-1.00|-1.00|-1.00|0.01|8.00|1.00,MEIA_VOLTA,644.06
-1.00|-1.00|-1.00|-1.00|0.00|-1.00|-1.00|0.00|-1.00|0.01|8.00|8.00,DIREITA,122.79
-1.00|-1.00|-1.00|-1.00|0.00|-1.00|-1.00|0.00|-1.00|0.01|8.00|8.00,ESQUERDA,148.34
-1.00|-1.00|-1.00|-1.00|0.00|-1.00|-1.00|0.00|-1.00|0.01|8.00|8.00,FRENTE,111.36
-1.00|-1.00|-1.00|-1.00|0.00|-1.00|-1.00|0.00|-1.00|0.01|8.00|8.00,MEIA_VOLTA,179.88
-1.00|0.00|-1.00|-1.00|0.00|-1.00|-1.00|-1.00|-1.00|0.01|1.00|1.00,DIREITA,166.15
-1.00|0.00|-1.00|-1.00|0.00|-1.00|-1.00|-1.00|-1.00|0.01|1.00|1.00,ESQUERDA,108.30
-1.00|0.00|-1.00|-1.00|0.00|-1.00|-1.00|-1.00|-1.00|0.01|1.00|1.00,FRENTE,117.33
-1.00|0.00|-1.00|-1.00|0.00|-1.00|-1.00|-1.00|-1.00|0.01|1.00|1.00,MEIA_VOLTA,119.10
-1.00|-1.00|-1.00|1.00|0.00|6.00|-1.00|-1.00|-1.00|0.01|1.00|1.00,DIREITA,424.86
-1.00|-1.00|-1.00|1.00|0.00|6.00|-1.00|-1.00|-1.00|0.01|1.00|1.00,ESQUERDA,406.47
-1.00|-1.00|-1.00|1.00|0.00|6.00|-1.00|-1.00|-1.00|0.01|1.00|1.00,FRENTE,782.65
-1.00|-1.00|-1.00|1.00|0.00|6.00|-1.00|-1.00|-1.00|0.01|1.00|1.00,MEIA_VOLTA,450.70
-1.00|-1.00|-1.00|-1.00|0.00|-1.00|-1.00|-1.00|-1.00|0.02|1.00|8.00,DIREITA,526.76
-1.00|-1.00|-1.00|-1.00|0.00|-1.00|-1.00|-1.00|-1.00|0.02|1.00|8.00,ESQUERDA,506.30
-1.00|-1.00|-1.00|-1.00|0.00|-1.00|-1.00|-1.00|-1.00|0.02|1.00|8.00,FRENTE,548.04
-1.00|-1.00|-1.00|-1.00|0.00|-1.00|-1.00|-1.00|-1.00|0.02|1.00|8.00,MEIA_VOLTA,623.38
-1.00|-1.00|-1.00|-1.00|-1.00|-1.00|-1.00|0.00|-1.00|0.02|8.00|8.00,DIREITA,526.60
-1.00|-1.00|-1.00|-1.00|-1.00|-1.00|-1.00|0.00|-1.00|0.02|8.00|8.00,ESQUERDA,521.24
-1.00|-1.00|-1.00|-1.00|-1.00|-1.00|-1.00|0.00|-1.00|0.02|8.00|8.00,FRENTE,523.98
-1.00|-1.00|-1.00|-1.00|-1.00|-1.00|-1.00|0.00|-1.00|0.02|8.00|8.00,MEIA_VOLTA,624.84
-1.00|0.00|-1.00|-1.00|-1.00|-1.00|-1.00|-1.00|-1.00|0.02|1.00|1.00,DIREITA,756.14
-1.00|0.00|-1.00|-1.00|-1.00|-1.00|-1.00|-1.00|-1.00|0.02|1.00|1.00,ESQUERDA,550.84
-1.00|0.00|-1.00|-1.00|-1.00|-1.00|-1.00|-1.00|-1.00|0.02|1.00|1.00,FRENTE,543.98
-1.00|0.00|-1.00|-1.00|-1.00|-1.00|-1.00|-1.00|-1.00|0.02|1.00|1.00,MEIA_VOLTA,477.43
1.00|0.00|5.00|-1.00|-1.00|-1.00|-1.00|-1.00|-1.00|0.00|1.00|8.00,DIREITA,250.37
1.00|0.00|5.00|-1.00|-1.00|-1.00|-1.00|-1.00|-1.00|0.00|1.00|8.00,ESQUERDA,652.96
1.00|0.00|5.00|-1.00|-1.00|-1.00|-1.00|-1.00|-1.00|0.00|1.00|8.00,FRENTE,244.70
1.00|0.00|5.00|-1.00|-1.00|-1.00|-1.00|-1.00|-1.00|0.00|1.00|8.00,MEIA_VOLTA,343.50
-1.00|-1.00|-1.00|1.00|0.00|5.00|-1.00|-1.00|-1.00|0.02|8.00|1.00,DIREITA,832.17
-1.00|-1.00|-1.00|1.00|0.00|5.00|-1.00|-1.00|-1.00|0.02|8.00|1.00,ESQUERDA,823.15
-1.00|-1.00|-1.00|1.00|0.00|5.00|-1.00|-1.00|-1.00|0.02|8.00|1.00,FRENTE,1418.97
-1.00|-1.00|-1.00|1.00|0.00|5.00|-1.00|-1.00|-1.00|0.02|8.00|1.00,MEIA_VOLTA,824.18
-1.00|-1.00|-1.00|1.00|0.00|6.00|-1.00|-1.00|-1.00|0.01|8.00|1.00,DIREITA,406.10
-1.00|-1.00|-1.00|1.00|0.00|6.00|-1.00|-1.00|-1.00|0.01|8.00|1.00,ESQUERDA,455.25
-1.00|-1.00|-1.00|1.00|0.00|6.00|-1.00|-1.00|-1.00|0.01|8.00|1.00,FRENTE,891.69
-1.00|-1.00|-1.00|1.00|0.00|6.00|-1.00|-1.00|-1.00|0.01|8.00|1.00,MEIA_VOLTA,388.18
-1.00|-1.00|-1.00|-1.00|-1.00|-1.00|1.00|0.00|6.00|0.01|1.00|1.00,DIREITA,873.06
-1.00|-1.00|-1.00|-1.00|-1.00|-1.00|1.00|0.00|6.00|0.01|1.00|1.00,ESQUERDA,481.74
-1.00|-1.00|-1.00|-1.00|-1.00|-1.00|1.00|0.00|6.00|0.01|1.00|1.00,FRENTE,405.46
-1.00|-1.00|-1.00|-1.00|-1.00|-1.00|1.00|0.00|6.00|0.01|1.00|1.00,MEIA_VOLTA,742.97
1.00|0.00|6.00|-1.00|-1.00|-1.00|-1.00|-1.00|-1.00|0.01|8.00|8.00,DIREITA,447.93
1.00|0.00|6.00|-1.00|-1.00|-1.00|-1.00|-1.00|-1.00|0.01|8.00|8.00,ESQUERDA,770.55
1.00|0.00|6.00|-1.00|-1.00|-1.00|-1.00|-1.00|-1.00|0.01|8.00|8.00,FRENTE,433.70
1.00|0.00|6.00|-1.00|-1.00|-1.00|-1.00|-1.00|-1.00|0.01|8.00|8.00,MEIA_VOLTA,572.63
-1.00|-1.00|-1.00|0.00|0.00|0.00|-1.00|-1.00|-1.00|0.01|1.00|8.00,DIREITA,692.89
-1.00|-1.00|-1.00|0.00|0.00|0.00|-1.00|-1.00|-1.00|0.01|1.00|8.00,ESQUERDA,943.63
-1.00|-1.00|-1.00|0.00|0.00|0.00|-1.00|-1.00|-1.00|0.01|1.00|8.00,FRENTE,1582.37
-1.00|-1.00|-1.00|0.00|0.00|0.00|-1.00|-1.00|-1.00|0.01|1.00|8.00,MEIA_VOLTA,642.44
-1.00|-1.00|-1.00|-1.00|-1.00|-1.00|0.00|0.00|0.00|0.01|1.00|8.00,DIREITA,1369.46
-1.00|-1.00|-1.00|-1.00|-1.00|-1.00|0.00|0.00|0.00|0.01|1.00|8.00,ESQUERDA,652.42
-1.00|-1.00|-1.00|-1.00|-1.00|-1.00|0.00|0.00|0.00|0.01|1.00|8.00,FRENTE,497.72
-1.00|-1.00|-1.00|-1.00|-1.00|-1.00|0.00|0.00|0.00|0.01|1.00|8.00,MEIA_VOLTA,1229.97
0.00|0.00|0.00|-1.00|-1.00|-1.00|-1.00|-1.00|-1.00|0.01|8.00|1.00,DIREITA,567.36
0.00|0.00|0.00|-1.00|-1.00|-1.00|-1.00|-1.00|-1.00|0.01|8.00|1.00,ESQUERDA,1420.14
0.00|0.00|0.00|-1.00|-1.00|-1.00|-1.00|-1.00|-1.00|0.01|8.00|1.00,FRENTE,618.38
0.00|0.00|0.00|-1.00|-1.00|-1.00|-1.00|-1.00|-1.00|0.01|8.00|1.00,MEIA_VOLTA,1291.46
-1.00|-1.00|-1.00|1.00|0.00|5.00|-1.00|-1.00|-1.00|0.01|1.00|1.00,DIREITA,593.22
-1.00|-1.00|-1.00|1.00|0.00|5.00|-1.00|-1.00|-1.00|0.01|1.00|1.00,ESQUERDA,549.22
-1.00|-1.00|-1.00|1.00|0.00|5.00|-1.00|-1.00|-1.00|0.01|1.00|1.00,FRENTE,882.64
-1.00|-1.00|-1.00|1.00|0.00|5.00|-1.00|-1.00|-1.00|0.01|1.00|1.00,MEIA_VOLTA,442.41
-1.00|-1.00|-1.00|-1.00|0.00|-1.00|-1.00|-1.00|-1.00|0.02|1.00|1.00,DIREITA,580.47
-1.00|-1.00|-1.00|-1.00|0.00|-1.00|-1.00|-1.00|-1.00|0.02|1.00|1.00,ESQUERDA,582.97
-1.00|-1.00|-1.00|-1.00|0.00|-1.00|-1.00|-1.00|-1.00|0.02|1.00|1.00,FRENTE,505.94
-1.00|-1.00|-1.00|-1.00|0.00|-1.00|-1.00|-1.00|-1.00|0.02|1.00|1.00,MEIA_VOLTA,735.55
-1.00|-1.00|-1.00|-1.00|0.00|-1.00|-1.00|-1.00|-1.00|0.02|8.00|8.00,DIREITA,624.60
-1.00|-1.00|-1.00|-1.00|0.00|-1.00|-1.00|-1.00|-1.00|0.02|8.00|8.00,ESQUERDA,624.14
-1.00|-1.00|-1.00|-1.00|0.00|-1.00|-1.00|-1.00|-1.00|0.02|8.00|8.00,FRENTE,518.27
-1.00|-1.00|-1.00|-1.00|0.00|-1.00|-1.00|-1.00|-1.00|0.02|8.00|8.00,MEIA_VOLTA,535.92
-1.00|-1.00|-1.00|1.00|0.00|6.00|-1.00|-1.00|-1.00|0.03|1.00|1.00,DIREITA,970.41
-1.00|-1.00|-1.00|1.00|0.00|6.00|-1.00|-1.00|-1.00|0.03|1.00|1.00,ESQUERDA,750.05
-1.00|-1.00|-1.00|1.00|0.00|6.00|-1.00|-1.00|-1.00|0.03|1.00|1.00,FRENTE,679.21
-1.00|-1.00|-1.00|1.00|0.00|6.00|-1.00|-1.00|-1.00|0.03|1.00|1.00,MEIA_VOLTA,879.48
-1.00|-1.00|-1.00|-1.00|0.00|-1.00|-1.00|-1.00|-1.00|0.03|1.00|1.00,DIREITA,883.57
-1.00|-1.00|-1.00|-1.00|0.00|-1.00|-1.00|-1.00|-1.00|0.03|1.00|1.00,ESQUERDA,886.61
-1.00|-1.00|-1.00|-1.00|0.00|-1.00|-1.00|-1.00|-1.00|0.03|1.00|1.00,FRENTE,634.74
-1.00|-1.00|-1.00|-1.00|0.00|-1.00|-1.00|-1.00|-1.00|0.03|1.00|1.00,MEIA_VOLTA,1235.70
-1.00|-1.00|-1.00|-1.00|-1.00|-1.00|-1.00|0.00|-1.00|0.03|8.00|8.00,DIREITA,745.23
-1.00|-1.00|-1.00|-1.00|-1.00|-1.00|-1.00|0.00|-1.00|0.03|8.00|8.00,ESQUERDA,943.11
-1.00|-1.00|-1.00|-1.00|-1.00|-1.00|-1.00|0.00|-1.00|0.03|8.00|8.00,FRENTE,777.80
-1.00|-1.00|-1.00|-1.00|-1.00|-1.00|-1.00|0.00|-1.00|0.03|8.00|8.00,MEIA_VOLTA,714.80
-1.00|0.00|-1.00|-1.00|-1.00|-1.00|-1.00|-1.00|-1.00|0.03|1.00|1.00,DIREITA,1142.62
-1.00|0.00|-1.00|-1.00|-1.00|-1.00|-1.00|-1.00|-1.00|0.03|1.00|1.00,ESQUERDA,827.05
-1.00|0.00|-1.00|-1.00|-1.00|-1.00|-1.00|-1.00|-1.00|0.03|1.00|1.00,FRENTE,859.30
-1.00|0.00|-1.00|-1.00|-1.00|-1.00|-1.00|-1.00|-1.00|0.03|1.00|1.00,MEIA_VOLTA,859.48
-1.00|-1.00|-1.00|-1.00|-1.00|-1.00|1.00|0.00|7.00|0.03|1.00|1.00,DIREITA,757.45
-1.00|-1.00|-1.00|-1.00|-1.00|-1.00|1.00|0.00|7.00|0.03|1.00|1.00,ESQUERDA,741.16
-1.00|-1.00|-1.00|-1.00|-1.00|-1.00|1.00|0.00|7.00|0.03|1.00|1.00,FRENTE,1057.30
-1.00|-1.00|-1.00|-1.00|-1.00|-1.00|1.00|0.00|7.00|0.03|1.00|1.00,MEIA_VOLTA,765.49
-1.00|-1.00|-1.00|-1.00|-1.00|-1.00|-1.00|-1.00|-1.00|0.04|8.00|8.00,DIREITA,1049.52
-1.00|-1.00|-1.00|-1.00|-1.00|-1.00|-1.00|-1.00|-1.00|0.04|8.00|8.00,ESQUERDA,1689.57
-1.00|-1.00|-1.00|-1.00|-1.00|-1.00|-1.00|-1.00|-1.00|0.04|8.00|8.00,FRENTE,1225.98
-1.00|-1.00|-1.00|-1.00|-1.00|-1.00|-1.00|-1.00|-1.00|0.04|8.00|8.00,MEIA_VOLTA,1215.28
-1.00|-1.00|-1.00|-1.00|-1.00|-1.00|-1.00|-1.00|-1.00|0.04|1.00|1.00,DIREITA,2398.06
-1.00|-1.00|-1.00|-1.00|-1.00|-1.00|-1.00|-1.00|-1.00|0.04|1.00|1.00,ESQUERDA,1263.71
-1.00|-1.00|-1.00|-1.00|-1.00|-1.00|-1.00|-1.00|-1.00|0.04|1.00|1.00,FRENTE,1605.94
-1.00|-1.00|-1.00|-1.00|-1.00|-1.00|-1.00|-1.00|-1.00|0.04|1.00|1.00,MEIA_VOLTA,1504.58
-1.00|-1.00|-1.00|-1.00|-1.00|-1.00|-1.00|-1.00|-1.00|0.04|1.00|8.00,DIREITA,2031.79
-1.00|-1.00|-1.00|-1.00|-1.00|-1.00|-1.00|-1.00|-1.00|0.04|1.00|8.00,ESQUERDA,900.74
-1.00|-1.00|-1.00|-1.00|-1.00|-1.00|-1.00|-1.00|-1.00|0.04|1.00|8.00,FRENTE,795.78
-1.00|-1.00|-1.00|-1.00|-1.00|-1.00|-1.00|-1.00|-1.00|0.04|1.00|8.00,MEIA_VOLTA,995.09
-1.00|-1.00|-1.00|-1.00|-1.00|-1.00|-1.00|-1.00|-1.00|0.04|8.00|1.00,DIREITA,1481.77
-1.00|-1.00|-1.00|-1.00|-1.00|-1.00|-1.00|-1.00|-1.00|0.04|8.00|1.00,ESQUERDA,1906.46
-1.00|-1.00|-1.00|-1.00|-1.00|-1.00|-1.00|-1.00|-1.00|0.04|8.00|1.00,FRENTE,1715.68
-1.00|-1.00|-1.00|-1.00|-1.00|-1.00|-1.00|-1.00|-1.00|0.04|8.00|1.00,MEIA_VOLTA,1262.41
-1.00|-1.00|-1.00|0.00|0.00|0.00|-1.00|-1.00|-1.00|0.00|1.00|1.00,DIREITA,258.14
-1.00|-1.00|-1.00|0.00|0.00|0.00|-1.00|-1.00|-1.00|0.00|1.00|1.00,ESQUERDA,110.63
-1.00|-1.00|-1.00|0.00|0.00|0.00|-1.00|-1.00|-1.00|0.00|1.00|1.00,FRENTE,92.04
-1.00|-1.00|-1.00|0.00|0.00|0.00|-1.00|-1.00|-1.00|0.00|1.00|1.00,MEIA_VOLTA,126.13
-1.00|-1.00|-1.00|1.00|0.00|7.00|-1.00|-1.00|-1.00|0.01|8.00|1.00,DIREITA,523.65
-1.00|-1.00|-1.00|1.00|0.00|7.00|-1.00|-1.00|-1.00|0.01|8.00|1.00,ESQUERDA,568.55
-1.00|-1.00|-1.00|1.00|0.00|7.00|-1.00|-1.00|-1.00|0.01|8.00|1.00,FRENTE,925.41
-1.00|-1.00|-1.00|1.00|0.00|7.00|-1.00|-1.00|-1.00|0.01|8.00|1.00,MEIA_VOLTA,470.49
-1.00|-1.00|-1.00|1.00|0.00|6.00|-1.00|-1.00|-1.00|0.02|8.00|1.00,DIREITA,777.19
-1.00|-1.00|-1.00|1.00|0.00|6.00|-1.00|-1.00|-1.00|0.02|8.00|1.00,ESQUERDA,742.44
-1.00|-1.00|-1.00|1.00|0.00|6.00|-1.00|-1.00|-1.00|0.02|8.00|1.00,FRENTE,1258.75
-1.00|-1.00|-1.00|1.00|0.00|6.00|-1.00|-1.00|-1.00|0.02|8.00|1.00,MEIA_VOLTA,764.66
1.00|0.00|6.00|-1.00|-1.00|-1.00|-1.00|-1.00|-1.00|0.02|8.00|8.00,DIREITA,773.46
1.00|0.00|6.00|-1.00|-1.00|-1.00|-1.00|-1.00|-1.00|0.02|8.00|8.00,ESQUERDA,1444.86
1.00|0.00|6.00|-1.00|-1.00|-1.00|-1.00|-1.00|-1.00|0.02|8.00|8.00,FRENTE,832.32
1.00|0.00|6.00|-1.00|-1.00|-1.00|-1.00|-1.00|-1.00|0.02|8.00|8.00,MEIA_VOLTA,901.94
-1.00|-1.00|-1.00|-1.00|-1.00|-1.00|1.00|0.00|6.00|0.02|1.00|1.00,DIREITA,1642.29
-1.00|-1.00|-1.00|-1.00|-1.00|-1.00|1.00|0.00|6.00|0.02|1.00|1.00,ESQUERDA,746.81
-1.00|-1.00|-1.00|-1.00|-1.00|-1.00|1.00|0.00|6.00|0.02|1.00|1.00,FRENTE,827.29
-1.00|-1.00|-1.00|-1.00|-1.00|-1.00|1.00|0.00|6.00|0.02|1.00|1.00,MEIA_VOLTA,1158.81
-1.00|-1.00|-1.00|-1.00|0.00|-1.00|-1.00|-1.00|-1.00|0.03|8.00|8.00,DIREITA,800.38
-1.00|-1.00|-1.00|-1.00|0.00|-1.00|-1.00|-1.00|-1.00|0.03|8.00|8.00,ESQUERDA,718.39
-1.00|-1.00|-1.00|-1.00|0.00|-1.00|-1.00|-1.00|-1.00|0.03|8.00|8.00,FRENTE,671.02
-1.00|-1.00|-1.00|-1.00|0.00|-1.00|-1.00|-1.00|-1.00|0.03|8.00|8.00,MEIA_VOLTA,869.01
-1.00|-1.00|-1.00|0.00|0.00|0.00|-1.00|-1.00|-1.00|0.03|1.00|1.00,DIREITA,1340.85
-1.00|-1.00|-1.00|0.00|0.00|0.00|-1.00|-1.00|-1.00|0.03|1.00|1.00,ESQUERDA,1533.07
-1.00|-1.00|-1.00|0.00|0.00|0.00|-1.00|-1.00|-1.00|0.03|1.00|1.00,FRENTE,3209.10
-1.00|-1.00|-1.00|0.00|0.00|0.00|-1.00|-1.00|-1.00|0.03|1.00|1.00,MEIA_VOLTA,1608.23
-1.00|-1.00|-1.00|-1.00|-1.00|-1.00|0.00|0.00|0.00|0.03|1.00|8.00,DIREITA,3137.88
-1.00|-1.00|-1.00|-1.00|-1.00|-1.00|0.00|0.00|0.00|0.03|1.00|8.00,ESQUERDA,1419.89
-1.00|-1.00|-1.00|-1.00|-1.00|-1.00|0.00|0.00|0.00|0.03|1.00|8.00,FRENTE,1399.10
-1.00|-1.00|-1.00|-1.00|-1.00|-1.00|0.00|0.00|0.00|0.03|1.00|8.00,MEIA_VOLTA,2866.77
0.00|0.00|0.00|-1.00|-1.00|-1.00|-1.00|-1.00|-1.00|0.03|8.00|1.00,DIREITA,1495.09
0.00|0.00|0.00|-1.00|-1.00|-1.00|-1.00|-1.00|-1.00|0.03|8.00|1.00,ESQUERDA,3126.81
0.00|0.00|0.00|-1.00|-1.00|-1.00|-1.00|-1.00|-1.00|0.03|8.00|1.00,FRENTE,1394.75
0.00|0.00|0.00|-1.00|-1.00|-1.00|-1.00|-1.00|-1.00|0.03|8.00|1.00,MEIA_VOLTA,2827.65
-1.00|-1.00|-1.00|0.00|0.00|0.00|-1.00|-1.00|-1.00|0.03|1.00|8.00,DIREITA,1340.75
-1.00|-1.00|-1.00|0.00|0.00|0.00|-1.00|-1.00|-1.00|0.03|1.00|8.00,ESQUERDA,1623.84
-1.00|-1.00|-1.00|0.00|0.00|0.00|-1.00|-1.00|-1.00|0.03|1.00|8.00,FRENTE,3093.08
-1.00|-1.00|-1.00|0.00|0.00|0.00|-1.00|-1.00|-1.00|0.03|1.00|8.00,MEIA_VOLTA,1492.91
-1.00|-1.00|-1.00|1.00|0.00|7.00|-1.00|-1.00|-1.00|0.02|8.00|1.00,DIREITA,778.33
-1.00|-1.00|-1.00|1.00|0.00|7.00|-1.00|-1.00|-1.00|0.02|8.00|1.00,ESQUERDA,758.35
-1.00|-1.00|-1.00|1.00|0.00|7.00|-1.00|-1.00|-1.00|0.02|8.00|1.00,FRENTE,1094.52
-1.00|-1.00|-1.00|1.00|0.00|7.00|-1.00|-1.00|-1.00|0.02|8.00|1.00,MEIA_VOLTA,788.69
-1.00|-1.00|-1.00|-1.00|0.00|-1.00|-1.00|-1.00|-1.00|0.01|1.00|8.00,DIREITA,166.25
-1.00|-1.00|-1.00|-1.00|0.00|-1.00|-1.00|-1.00|-1.00|0.01|1.00|8.00,ESQUERDA,307.09
-1.00|-1.00|-1.00|-1.00|0.00|-1.00|-1.00|-1.00|-1.00|0.01|1.00|8.00,FRENTE,174.82
-1.00|-1.00|-1.00|-1.00|0.00|-1.00|-1.00|-1.00|-1.00|0.01|1.00|8.00,MEIA_VOLTA,392.29
-1.00|-1.00|-1.00|0.00|0.00|0.00|-1.00|-1.00|-1.00|0.01|1.00|1.00,DIREITA,625.44
-1.00|-1.00|-1.00|0.00|0.00|0.00|-1.00|-1.00|-1.00|0.01|1.00|1.00,ESQUERDA,638.78
-1.00|-1.00|-1.00|0.00|0.00|0.00|-1.00|-1.00|-1.00|0.01|1.00|1.00,FRENTE,1325.82
-1.00|-1.00|-1.00|0.00|0.00|0.00|-1.00|-1.00|-1.00|0.01|1.00|1.00,MEIA_VOLTA,613.18
-1.00|-1.00|-1.00|0.00|0.00|0.00|-1.00|-1.00|-1.00|0.02|1.00|8.00,DIREITA,1379.51
-1.00|-1.00|-1.00|0.00|0.00|0.00|-1.00|-1.00|-1.00|0.02|1.00|8.00,ESQUERDA,999.95
-1.00|-1.00|-1.00|0.00|0.00|0.00|-1.00|-1.00|-1.00|0.02|1.00|8.00,FRENTE,2414.52
-1.00|-1.00|-1.00|0.00|0.00|0.00|-1.00|-1.00|-1.00|0.02|1.00|8.00,MEIA_VOLTA,1016.99
-1.00|-1.00|-1.00|1.00|0.00|5.00|-1.00|-1.00|-1.00|0.00|1.00|1.00,DIREITA,247.58
-1.00|-1.00|-1.00|1.00|0.00|5.00|-1.00|-1.00|-1.00|0.00|1.00|1.00,ESQUERDA,280.31
-1.00|-1.00|-1.00|1.00|0.00|5.00|-1.00|-1.00|-1.00|0.00|1.00|1.00,FRENTE,596.24
-1.00|-1.00|-1.00|1.00|0.00|5.00|-1.00|-1.00|-1.00|0.00|1.00|1.00,MEIA_VOLTA,278.56
-1.00|-1.00|-1.00|-1.00|-1.00|-1.00|1.00|0.00|7.00|0.02|1.00|1.00,DIREITA,941.76
-1.00|-1.00|-1.00|-1.00|-1.00|-1.00|1.00|0.00|7.00|0.02|1.00|1.00,ESQUERDA,806.70
-1.00|-1.00|-1.00|-1.00|-1.00|-1.00|1.00|0.00|7.00|0.02|1.00|1.00,FRENTE,745.23
-1.00|-1.00|-1.00|-1.00|-1.00|-1.00|1.00|0.00|7.00|0.02|1.00|1.00,MEIA_VOLTA,1349.86
-1.00|-1.00|-1.00|-1.00|-1.00|-1.00|1.00|0.00|7.00|0.01|8.00|1.00,DIREITA,883.45
-1.00|-1.00|-1.00|-1.00|-1.00|-1.00|1.00|0.00|7.00|0.01|8.00|1.00,ESQUERDA,711.56
-1.00|-1.00|-1.00|-1.00|-1.00|-1.00|1.00|0.00|7.00|0.01|8.00|1.00,FRENTE,706.04
-1.00|-1.00|-1.00|-1.00|-1.00|-1.00|1.00|0.00|7.00|0.01|8.00|1.00,MEIA_VOLTA,1180.12
-1.00|-1.00|-1.00|1.00|0.00|7.00|-1.00|-1.00|-1.00|0.00|8.00|1.00,DIREITA,258.66
-1.00|-1.00|-1.00|1.00|0.00|7.00|-1.00|-1.00|-1.00|0.00|8.00|1.00,ESQUERDA,199.35
-1.00|-1.00|-1.00|1.00|0.00|7.00|-1.00|-1.00|-1.00|0.00|8.00|1.00,FRENTE,666.02
-1.00|-1.00|-1.00|1.00|0.00|7.00|-1.00|-1.00|-1.00|0.00|8.00|1.00,MEIA_VOLTA,258.25
-1.00|-1.00|-1.00|-1.00|-1.00|-1.00|1.00|0.00|5.00|0.02|8.00|1.00,DIREITA,979.79
-1.00|-1.00|-1.00|-1.00|-1.00|-1.00|1.00|0.00|5.00|0.02|8.00|1.00,ESQUERDA,951.98
-1.00|-1.00|-1.00|-1.00|-1.00|-1.00|1.00|0.00|5.00|0.02|8.00|1.00,FRENTE,915.91
-1.00|-1.00|-1.00|-1.00|-1.00|-1.00|1.00|0.00|5.00|0.02|8.00|1.00,MEIA_VOLTA,1087.31
1.00|0.00|5.00|-1.00|-1.00|-1.00|-1.00|-1.00|-1.00|0.02|1.00|8.00,DIREITA,673.45
1.00|0.00|5.00|-1.00|-1.00|-1.00|-1.00|-1.00|-1.00|0.02|1.00|8.00,ESQUERDA,1360.19
1.00|0.00|5.00|-1.00|-1.00|-1.00|-1.00|-1.00|-1.00|0.02|1.00|8.00,FRENTE,761.90
1.00|0.00|5.00|-1.00|-1.00|-1.00|-1.00|-1.00|-1.00|0.02|1.00|8.00,MEIA_VOLTA,982.90
-1.00|-1.00|-1.00|-1.00|-1.00|-1.00|1.00|0.00|5.00|0.01|8.00|1.00,DIREITA,650.79
-1.00|-1.00|-1.00|-1.00|-1.00|-1.00|1.00|0.00|5.00|0.01|8.00|1.00,ESQUERDA,599.69
-1.00|-1.00|-1.00|-1.00|-1.00|-1.00|1.00|0.00|5.00|0.01|8.00|1.00,FRENTE,522.09
-1.00|-1.00|-1.00|-1.00|-1.00|-1.00|1.00|0.00|5.00|0.01|8.00|1.00,MEIA_VOLTA,666.04
-1.00|-1.00|-1.00|1.00|0.00|6.00|-1.00|-1.00|-1.00|0.02|1.00|1.00,DIREITA,747.92
-1.00|-1.00|-1.00|1.00|0.00|6.00|-1.00|-1.00|-1.00|0.02|1.00|1.00,ESQUERDA,847.51
-1.00|-1.00|-1.00|1.00|0.00|6.00|-1.00|-1.00|-1.00|0.02|1.00|1.00,FRENTE,1758.25
-1.00|-1.00|-1.00|1.00|0.00|6.00|-1.00|-1.00|-1.00|0.02|1.00|1.00,MEIA_VOLTA,691.11
1.00|0.00|6.00|-1.00|-1.00|-1.00|-1.00|-1.00|-1.00|0.01|1.00|8.00,DIREITA,403.38
1.00|0.00|6.00|-1.00|-1.00|-1.00|-1.00|-1.00|-1.00|0.01|1.00|8.00,ESQUERDA,677.57
1.00|0.00|6.00|-1.00|-1.00|-1.00|-1.00|-1.00|-1.00|0.01|1.00|8.00,FRENTE,513.92
1.00|0.00|6.00|-1.00|-1.00|-1.00|-1.00|-1.00|-1.00|0.01|1.00|8.00,MEIA_VOLTA,602.36
1.00|0.00|7.00|-1.00|-1.00|-1.00|-1.00|-1.00|-1.00|0.03|8.00|8.00,DIREITA,986.98
1.00|0.00|7.00|-1.00|-1.00|-1.00|-1.00|-1.00|-1.00|0.03|8.00|8.00,ESQUERDA,739.82
1.00|0.00|7.00|-1.00|-1.00|-1.00|-1.00|-1.00|-1.00|0.03|8.00|8.00,FRENTE,1065.60
1.00|0.00|7.00|-1.00|-1.00|-1.00|-1.00|-1.00|-1.00|0.03|8.00|8.00,MEIA_VOLTA,758.39
-1.00|-1.00|-1.00|0.00|0.00|0.00|-1.00|-1.00|-1.00|0.04|1.00|1.00,DIREITA,587.43
-1.00|-1.00|-1.00|0.00|0.00|0.00|-1.00|-1.00|-1.00|0.04|1.00|1.00,ESQUERDA,683.07
-1.00|-1.00|-1.00|0.00|0.00|0.00|-1.00|-1.00|-1.00|0.04|1.00|1.00,FRENTE,4064.56
-1.00|-1.00|-1.00|0.00|0.00|0.00|-1.00|-1.00|-1.00|0.04|1.00|1.00,MEIA_VOLTA,673.83
-1.00|-1.00|-1.00|-1.00|-1.00|-1.00|1.00|0.00|7.00|0.00|8.00|1.00,DIREITA,593.77
-1.00|-1.00|-1.00|-1.00|-1.00|-1.00|1.00|0.00|7.00|0.00|8.00|1.00,ESQUERDA,234.95
-1.00|-1.00|-1.00|-1.00|-1.00|-1.00|1.00|0.00|7.00|0.00|8.00|1.00,FRENTE,255.69
-1.00|-1.00|-1.00|-1.00|-1.00|-1.00|1.00|0.00|7.00|0.00|8.00|1.00,MEIA_VOLTA,348.05
-1.00|-1.00|-1.00|-1.00|0.00|-1.00|-1.00|-1.00|-1.00|0.02|8.00|1.00,DIREITA,586.62
-1.00|-1.00|-1.00|-1.00|0.00|-1.00|-1.00|-1.00|-1.00|0.02|8.00|1.00,ESQUERDA,577.89
-1.00|-1.00|-1.00|-1.00|0.00|-1.00|-1.00|-1.00|-1.00|0.02|8.00|1.00,FRENTE,495.71
-1.00|-1.00|-1.00|-1.00|0.00|-1.00|-1.00|-1.00|-1.00|0.02|8.00|1.00,MEIA_VOLTA,509.29
1.00|0.00|5.00|-1.00|-1.00|-1.00|-1.00|-1.00|-1.00|0.01|1.00|8.00,DIREITA,514.69
1.00|0.00|5.00|-1.00|-1.00|-1.00|-1.00|-1.00|-1.00|0.01|1.00|8.00,ESQUERDA,756.32
1.00|0.00|5.00|-1.00|-1.00|-1.00|-1.00|-1.00|-1.00|0.01|1.00|8.00,FRENTE,482.02
1.00|0.00|5.00|-1.00|-1.00|-1.00|-1.00|-1.00|-1.00|0.01|1.00|8.00,MEIA_VOLTA,658.19
0.00|0.00|0.00|-1.00|-1.00|-1.00|-1.00|-1.00|-1.00|0.02|8.00|1.00,DIREITA,1231.37
0.00|0.00|0.00|-1.00|-1.00|-1.00|-1.00|-1.00|-1.00|0.02|8.00|1.00,ESQUERDA,2220.94
0.00|0.00|0.00|-1.00|-1.00|-1.00|-1.00|-1.00|-1.00|0.02|8.00|1.00,FRENTE,909.85
0.00|0.00|0.00|-1.00|-1.00|-1.00|-1.00|-1.00|-1.00|0.02|8.00|1.00,MEIA_VOLTA,2074.74
-1.00|-1.00|-1.00|-1.00|-1.00|-1.00|1.00|0.00|6.00|0.02|8.00|1.00,DIREITA,1374.11
-1.00|-1.00|-1.00|-1.00|-1.00|-1.00|1.00|0.00|6.00|0.02|8.00|1.00,ESQUERDA,737.57
-1.00|-1.00|-1.00|-1.00|-1.00|-1.00|1.00|0.00|6.00|0.02|8.00|1.00,FRENTE,818.44
-1.00|-1.00|-1.00|-1.00|-1.00|-1.00|1.00|0.00|6.00|0.02|8.00|1.00,MEIA_VOLTA,1064.75
-1.00|-1.00|-1.00|1.00|0.00|7.00|-1.00|-1.00|-1.00|0.02|1.00|1.00,DIREITA,848.12
-1.00|-1.00|-1.00|1.00|0.00|7.00|-1.00|-1.00|-1.00|0.02|1.00|1.00,ESQUERDA,824.36
-1.00|-1.00|-1.00|1.00|0.00|7.00|-1.00|-1.00|-1.00|0.02|1.00|1.00,FRENTE,1394.71
-1.00|-1.00|-1.00|1.00|0.00|7.00|-1.00|-1.00|-1.00|0.02|1.00|1.00,MEIA_VOLTA,975.28
1.00|0.00|7.00|-1.00|-1.00|-1.00|-1.00|-1.00|-1.00|0.02|1.00|8.00,DIREITA,1132.92
1.00|0.00|7.00|-1.00|-1.00|-1.00|-1.00|-1.00|-1.00|0.02|1.00|8.00,ESQUERDA,1029.34
1.00|0.00|7.00|-1.00|-1.00|-1.00|-1.00|-1.00|-1.00|0.02|1.00|8.00,FRENTE,1221.08
1.00|0.00|7.00|-1.00|-1.00|-1.00|-1.00|-1.00|-1.00|0.02|1.00|8.00,MEIA_VOLTA,1257.27
-1.00|-1.00|-1.00|1.00|0.00|5.00|-1.00|-1.00|-1.00|0.03|8.00|1.00,DIREITA,781.98
-1.00|-1.00|-1.00|1.00|0.00|5.00|-1.00|-1.00|-1.00|0.03|8.00|1.00,ESQUERDA,1043.15
-1.00|-1.00|-1.00|1.00|0.00|5.00|-1.00|-1.00|-1.00|0.03|8.00|1.00,FRENTE,742.33
-1.00|-1.00|-1.00|1.00|0.00|5.00|-1.00|-1.00|-1.00|0.03|8.00|1.00,MEIA_VOLTA,760.00
-1.00|-1.00|-1.00|-1.00|-1.00|-1.00|1.00|0.00|5.00|0.03|8.00|1.00,DIREITA,412.31
-1.00|-1.00|-1.00|-1.00|-1.00|-1.00|1.00|0.00|5.00|0.03|8.00|1.00,ESQUERDA,2432.02
-1.00|-1.00|-1.00|-1.00|-1.00|-1.00|1.00|0.00|5.00|0.03|8.00|1.00,FRENTE,839.56
-1.00|-1.00|-1.00|-1.00|-1.00|-1.00|1.00|0.00|5.00|0.03|8.00|1.00,MEIA_VOLTA,1165.39
-1.00|-1.00|-1.00|-1.00|0.00|-1.00|-1.00|-1.00|-1.00|0.03|1.00|8.00,DIREITA,1246.72
-1.00|-1.00|-1.00|-1.00|0.00|-1.00|-1.00|-1.00|-1.00|0.03|1.00|8.00,ESQUERDA,982.46
-1.00|-1.00|-1.00|-1.00|0.00|-1.00|-1.00|-1.00|-1.00|0.03|1.00|8.00,FRENTE,757.87
-1.00|-1.00|-1.00|-1.00|0.00|-1.00|-1.00|-1.00|-1.00|0.03|1.00|8.00,MEIA_VOLTA,875.86
-1.00|-1.00|-1.00|-1.00|-1.00|-1.00|1.00|0.00|7.00|0.02|8.00|1.00,DIREITA,1604.85
-1.00|-1.00|-1.00|-1.00|-1.00|-1.00|1.00|0.00|7.00|0.02|8.00|1.00,ESQUERDA,1166.64
-1.00|-1.00|-1.00|-1.00|-1.00|-1.00|1.00|0.00|7.00|0.02|8.00|1.00,FRENTE,1350.88
-1.00|-1.00|-1.00|-1.00|-1.00|-1.00|1.00|0.00|7.00|0.02|8.00|1.00,MEIA_VOLTA,1244.26
-1.00|-1.00|-1.00|1.00|0.00|7.00|-1.00|-1.00|-1.00|0.03|8.00|1.00,DIREITA,1127.80
-1.00|-1.00|-1.00|1.00|0.00|7.00|-1.00|-1.00|-1.00|0.03|8.00|1.00,ESQUERDA,791.61
-1.00|-1.00|-1.00|1.00|0.00|7.00|-1.00|-1.00|-1.00|0.03|8.00|1.00,FRENTE,491.83
-1.00|-1.00|-1.00|1.00|0.00|7.00|-1.00|-1.00|-1.00|0.03|8.00|1.00,MEIA_VOLTA,891.50
1.00|0.00|6.00|-1.00|-1.00|-1.00|-1.00|-1.00|-1.00|0.02|1.00|8.00,DIREITA,941.46
1.00|0.00|6.00|-1.00|-1.00|-1.00|-1.00|-1.00|-1.00|0.02|1.00|8.00,ESQUERDA,1503.05
1.00|0.00|6.00|-1.00|-1.00|-1.00|-1.00|-1.00|-1.00|0.02|1.00|8.00,FRENTE,753.89
1.00|0.00|6.00|-1.00|-1.00|-1.00|-1.00|-1.00|-1.00|0.02|1.00|8.00,MEIA_VOLTA,1114.06
1.00|0.00|7.00|-1.00|-1.00|-1.00|-1.00|-1.00|-1.00|0.02|8.00|8.00,DIREITA,807.86
1.00|0.00|7.00|-1.00|-1.00|-1.00|-1.00|-1.00|-1.00|0.02|8.00|8.00,ESQUERDA,1183.96
1.00|0.00|7.00|-1.00|-1.00|-1.00|-1.00|-1.00|-1.00|0.02|8.00|8.00,FRENTE,798.70
1.00|0.00|7.00|-1.00|-1.00|-1.00|-1.00|-1.00|-1.00|0.02|8.00|8.00,MEIA_VOLTA,811.48
-1.00|-1.00|-1.00|-1.00|-1.00|-1.00|1.00|0.00|6.00|0.03|1.00|1.00,DIREITA,1749.81
-1.00|-1.00|-1.00|-1.00|-1.00|-1.00|1.00|0.00|6.00|0.03|1.00|1.00,ESQUERDA,766.64
-1.00|-1.00|-1.00|-1.00|-1.00|-1.00|1.00|0.00|6.00|0.03|1.00|1.00,FRENTE,806.04
-1.00|-1.00|-1.00|-1.00|-1.00|-1.00|1.00|0.00|6.00|0.03|1.00|1.00,MEIA_VOLTA,775.31
-1.00|-1.00|-1.00|-1.00|-1.00|-1.00|1.00|0.00|6.00|0.03|8.00|1.00,DIREITA,1482.49
-1.00|-1.00|-1.00|-1.00|-1.00|-1.00|1.00|0.00|6.00|0.03|8.00|1.00,ESQUERDA,719.87
-1.00|-1.00|-1.00|-1.00|-1.00|-1.00|1.00|0.00|6.00|0.03|8.00|1.00,FRENTE,715.04
-1.00|-1.00|-1.00|-1.00|-1.00|-1.00|1.00|0.00|6.00|0.03|8.00|1.00,MEIA_VOLTA,719.95
1.00|0.00|6.00|-1.00|-1.00|-1.00|-1.00|-1.00|-1.00|0.03|1.00|8.00,DIREITA,1069.50
1.00|0.00|6.00|-1.00|-1.00|-1.00|-1.00|-1.00|-1.00|0.03|1.00|8.00,ESQUERDA,545.28
1.00|0.00|6.00|-1.00|-1.00|-1.00|-1.00|-1.00|-1.00|0.03|1.00|8.00,FRENTE,912.60
1.00|0.00|6.00|-1.00|-1.00|-1.00|-1.00|-1.00|-1.00|0.03|1.00|8.00,MEIA_VOLTA,726.23
1.00|0.00|5.00|-1.00|-1.00|-1.00|-1.00|-1.00|-1.00|0.03|8.00|8.00,DIREITA,1012.95
1.00|0.00|5.00|-1.00|-1.00|-1.00|-1.00|-1.00|-1.00|0.03|8.00|8.00,ESQUERDA,725.56
1.00|0.00|5.00|-1.00|-1.00|-1.00|-1.00|-1.00|-1.00|0.03|8.00|8.00,FRENTE,780.98
1.00|0.00|5.00|-1.00|-1.00|-1.00|-1.00|-1.00|-1.00|0.03|8.00|8.00,MEIA_VOLTA,782.38
0.00|0.00|0.00|-1.00|-1.00|-1.00|-1.00|-1.00|-1.00|0.04|8.00|1.00,DIREITA,322.58
0.00|0.00|0.00|-1.00|-1.00|-1.00|-1.00|-1.00|-1.00|0.04|8.00|1.00,ESQUERDA,3992.42
0.00|0.00|0.00|-1.00|-1.00|-1.00|-1.00|-1.00|-1.00|0.04|8.00|1.00,FRENTE,662.08
0.00|0.00|0.00|-1.00|-1.00|-1.00|-1.00|-1.00|-1.00|0.04|8.00|1.00,MEIA_VOLTA,1309.26
-1.00|0.00|-1.00|-1.00|0.00|-1.00|-1.00|-1.00|-1.00|0.02|1.00|1.00,DIREITA,560.73
-1.00|0.00|-1.00|-1.00|0.00|-1.00|-1.00|-1.00|-1.00|0.02|1.00|1.00,ESQUERDA,473.74
-1.00|0.00|-1.00|-1.00|0.00|-1.00|-1.00|-1.00|-1.00|0.02|1.00|1.00,FRENTE,466.78
-1.00|0.00|-1.00|-1.00|0.00|-1.00|-1.00|-1.00|-1.00|0.02|1.00|1.00,MEIA_VOLTA,478.25
-1.00|-1.00|-1.00|-1.00|0.00|-1.00|-1.00|0.00|-1.00|0.02|8.00|8.00,DIREITA,457.43
-1.00|-1.00|-1.00|-1.00|0.00|-1.00|-1.00|0.00|-1.00|0.02|8.00|8.00,ESQUERDA,621.15
-1.00|-1.00|-1.00|-1.00|0.00|-1.00|-1.00|0.00|-1.00|0.02|8.00|8.00,FRENTE,499.96
-1.00|-1.00|-1.00|-1.00|0.00|-1.00|-1.00|0.00|-1.00|0.02|8.00|8.00,MEIA_VOLTA,507.09
-1.00|-1.00|-1.00|1.00|0.00|5.00|-1.00|-1.00|-1.00|0.03|1.00|1.00,DIREITA,728.51
-1.00|-1.00|-1.00|1.00|0.00|5.00|-1.00|-1.00|-1.00|0.03|1.00|1.00,ESQUERDA,756.80
-1.00|-1.00|-1.00|1.00|0.00|5.00|-1.00|-1.00|-1.00|0.03|1.00|1.00,FRENTE,493.04
-1.00|-1.00|-1.00|1.00|0.00|5.00|-1.00|-1.00|-1.00|0.03|1.00|1.00,MEIA_VOLTA,1091.84
-1.00|-1.00|-1.00|-1.00|0.00|-1.00|-1.00|-1.00|-1.00|0.04|8.00|8.00,DIREITA,466.17
-1.00|-1.00|-1.00|-1.00|0.00|-1.00|-1.00|-1.00|-1.00|0.04|8.00|8.00,ESQUERDA,619.06
-1.00|-1.00|-1.00|-1.00|0.00|-1.00|-1.00|-1.00|-1.00|0.04|8.00|8.00,FRENTE,427.88
-1.00|-1.00|-1.00|-1.00|0.00|-1.00|-1.00|-1.00|-1.00|0.04|8.00|8.00,MEIA_VOLTA,632.42
-1.00|-1.00|-1.00|-1.00|-1.00|-1.00|-1.00|0.00|-1.00|0.04|8.00|8.00,DIREITA,694.54
-1.00|-1.00|-1.00|-1.00|-1.00|-1.00|-1.00|0.00|-1.00|0.04|8.00|8.00,ESQUERDA,1836.41
-1.00|-1.00|-1.00|-1.00|-1.00|-1.00|-1.00|0.00|-1.00|0.04|8.00|8.00,FRENTE,557.86
-1.00|-1.00|-1.00|-1.00|-1.00|-1.00|-1.00|0.00|-1.00|0.04|8.00|8.00,MEIA_VOLTA,612.50
0.00|0.00|0.00|-1.00|-1.00|-1.00|-1.00|0.00|-1.00|0.01|8.00|8.00,DIREITA,306.69
0.00|0.00|0.00|-1.00|-1.00|-1.00|-1.00|0.00|-1.00|0.01|8.00|8.00,ESQUERDA,1582.02
0.00|0.00|0.00|-1.00|-1.00|-1.00|-1.00|0.00|-1.00|0.01|8.00|8.00,FRENTE,268.92
0.00|0.00|0.00|-1.00|-1.00|-1.00|-1.00|0.00|-1.00|0.01|8.00|8.00,MEIA_VOLTA,710.43
-1.00|0.00|-1.00|-1.00|0.00|-1.00|-1.00|-1.00|-1.00|0.03|1.00|1.00,DIREITA,808.10
-1.00|0.00|-1.00|-1.00|0.00|-1.00|-1.00|-1.00|-1.00|0.03|1.00|1.00,ESQUERDA,624.34
-1.00|0.00|-1.00|-1.00|0.00|-1.00|-1.00|-1.00|-1.00|0.03|1.00|1.00,FRENTE,608.67
-1.00|0.00|-1.00|-1.00|0.00|-1.00|-1.00|-1.00|-1.00|0.03|1.00|1.00,MEIA_VOLTA,647.31
-1.00|-1.00|-1.00|-1.00|-1.00|-1.00|0.00|0.00|0.00|0.03|1.00|1.00,DIREITA,3139.38
-1.00|-1.00|-1.00|-1.00|-1.00|-1.00|0.00|0.00|0.00|0.03|1.00|1.00,ESQUERDA,1336.34
-1.00|-1.00|-1.00|-1.00|-1.00|-1.00|0.00|0.00|0.00|0.03|1.00|1.00,FRENTE,1423.13
-1.00|-1.00|-1.00|-1.00|-1.00|-1.00|0.00|0.00|0.00|0.03|1.00|1.00,MEIA_VOLTA,2863.01
0.00|0.00|0.00|-1.00|-1.00|-1.00|-1.00|-1.00|-1.00|0.03|8.00|8.00,DIREITA,1188.16
0.00|0.00|0.00|-1.00|-1.00|-1.00|-1.00|-1.00|-1.00|0.03|8.00|8.00,ESQUERDA,3207.62
0.00|0.00|0.00|-1.00|-1.00|-1.00|-1.00|-1.00|-1.00|0.03|8.00|8.00,FRENTE,1230.21
0.00|0.00|0.00|-1.00|-1.00|-1.00|-1.00|-1.00|-1.00|0.03|8.00|8.00,MEIA_VOLTA,2881.85
1.00|0.00|6.00|-1.00|-1.00|-1.00|-1.00|-1.00|-1.00|0.03|8.00|8.00,DIREITA,721.22
1.00|0.00|6.00|-1.00|-1.00|-1.00|-1.00|-1.00|-1.00|0.03|8.00|8.00,ESQUERDA,484.80
1.00|0.00|6.00|-1.00|-1.00|-1.00|-1.00|-1.00|-1.00|0.03|8.00|8.00,FRENTE,796.99
1.00|0.00|6.00|-1.00|-1.00|-1.00|-1.00|-1.00|-1.00|0.03|8.00|8.00,MEIA_VOLTA,1466.74
-1.00|-1.00|-1.00|-1.00|0.00|-1.00|-1.00|-1.00|-1.00|0.03|8.00|1.00,DIREITA,889.52
-1.00|-1.00|-1.00|-1.00|0.00|-1.00|-1.00|-1.00|-1.00|0.03|8.00|1.00,ESQUERDA,855.56
-1.00|-1.00|-1.00|-1.00|0.00|-1.00|-1.00|-1.00|-1.00|0.03|8.00|1.00,FRENTE,825.48
-1.00|-1.00|-1.00|-1.00|0.00|-1.00|-1.00|-1.00|-1.00|0.03|8.00|1.00,MEIA_VOLTA,907.12
-1.00|-1.00|-1.00|-1.00|0.00|-1.00|-1.00|-1.00|-1.00|0.04|1.00|8.00,DIREITA,445.25
-1.00|-1.00|-1.00|-1.00|0.00|-1.00|-1.00|-1.00|-1.00|0.04|1.00|8.00,ESQUERDA,237.82
-1.00|-1.00|-1.00|-1.00|0.00|-1.00|-1.00|-1.00|-1.00|0.04|1.00|8.00,FRENTE,146.11
-1.00|-1.00|-1.00|-1.00|0.00|-1.00|-1.00|-1.00|-1.00|0.04|1.00|8.00,MEIA_VOLTA,1040.52
-1.00|0.00|-1.00|-1.00|-1.00|-1.00|-1.00|-1.00|-1.00|0.04|1.00|1.00,DIREITA,645.18
-1.00|0.00|-1.00|-1.00|-1.00|-1.00|-1.00|-1.00|-1.00|0.04|1.00|1.00,ESQUERDA,541.21
-1.00|0.00|-1.00|-1.00|-1.00|-1.00|-1.00|-1.00|-1.00|0.04|1.00|1.00,FRENTE,777.95
-1.00|0.00|-1.00|-1.00|-1.00|-1.00|-1.00|-1.00|-1.00|0.04|1.00|1.00,MEIA_VOLTA,1323.79
1.00|0.00|7.00|-1.00|-1.00|-1.00|-1.00|-1.00|-1.00|0.03|1.00|8.00,DIREITA,859.28
1.00|0.00|7.00|-1.00|-1.00|-1.00|-1.00|-1.00|-1.00|0.03|1.00|8.00,ESQUERDA,512.56
1.00|0.00|7.00|-1.00|-1.00|-1.00|-1.00|-1.00|-1.00|0.03|1.00|8.00,FRENTE,2145.07
1.00|0.00|7.00|-1.00|-1.00|-1.00|-1.00|-1.00|-1.00|0.03|1.00|8.00,MEIA_VOLTA,1127.60
1.00|0.00|5.00|-1.00|-1.00|-1.00|-1.00|-1.00|-1.00|0.03|1.00|8.00,DIREITA,786.64
1.00|0.00|5.00|-1.00|-1.00|-1.00|-1.00|-1.00|-1.00|0.03|1.00|8.00,ESQUERDA,278.86
1.00|0.00|5.00|-1.00|-1.00|-1.00|-1.00|-1.00|-1.00|0.03|1.00|8.00,FRENTE,1167.97
1.00|0.00|5.00|-1.00|-1.00|-1.00|-1.00|-1.00|-1.00|0.03|1.00|8.00,MEIA_VOLTA,2077.40
-1.00|-1.00|-1.00|-1.00|0.00|-1.00|-1.00|0.00|-1.00|0.03|8.00|8.00,DIREITA,567.22
-1.00|-1.00|-1.00|-1.00|0.00|-1.00|-1.00|0.00|-1.00|0.03|8.00|8.00,ESQUERDA,834.12
-1.00|-1.00|-1.00|-1.00|0.00|-1.00|-1.00|0.00|-1.00|0.03|8.00|8.00,FRENTE,641.30
-1.00|-1.00|-1.00|-1.00|0.00|-1.00|-1.00|0.00|-1.00|0.03|8.00|8.00,MEIA_VOLTA,595.83
-1.00|-1.00|-1.00|-1.00|0.00|-1.00|-1.00|-1.00|-1.00|0.04|8.00|1.00,DIREITA,560.71
-1.00|-1.00|-1.00|-1.00|0.00|-1.00|-1.00|-1.00|-1.00|0.04|8.00|1.00,ESQUERDA,202.13
-1.00|-1.00|-1.00|-1.00|0.00|-1.00|-1.00|-1.00|-1.00|0.04|8.00|1.00,FRENTE,461.25
-1.00|-1.00|-1.00|-1.00|0.00|-1.00|-1.00|-1.00|-1.00|0.04|8.00|1.00,MEIA_VOLTA,746.15
-1.00|-1.00|-1.00|1.00|0.00|6.00|-1.00|-1.00|-1.00|0.03|8.00|1.00,DIREITA,729.88
-1.00|-1.00|-1.00|1.00|0.00|6.00|-1.00|-1.00|-1.00|0.03|8.00|1.00,ESQUERDA,698.26
-1.00|-1.00|-1.00|1.00|0.00|6.00|-1.00|-1.00|-1.00|0.03|8.00|1.00,FRENTE,1424.43
-1.00|-1.00|-1.00|1.00|0.00|6.00|-1.00|-1.00|-1.00|0.03|8.00|1.00,MEIA_VOLTA,623.43
-1.00|-1.00|-1.00|-1.00|-1.00|-1.00|1.00|0.00|5.00|0.03|1.00|1.00,DIREITA,737.57
-1.00|-1.00|-1.00|-1.00|-1.00|-1.00|1.00|0.00|5.00|0.03|1.00|1.00,ESQUERDA,789.47
-1.00|-1.00|-1.00|-1.00|-1.00|-1.00|1.00|0.00|5.00|0.03|1.00|1.00,FRENTE,1142.18
-1.00|-1.00|-1.00|-1.00|-1.00|-1.00|1.00|0.00|5.00|0.03|1.00|1.00,MEIA_VOLTA,810.88
-1.00|-1.00|-1.00|-1.00|-1.00|-1.00|1.00|0.00|7.00|0.03|8.00|1.00,DIREITA,710.47
-1.00|-1.00|-1.00|-1.00|-1.00|-1.00|1.00|0.00|7.00|0.03|8.00|1.00,ESQUERDA,2396.53
-1.00|-1.00|-1.00|-1.00|-1.00|-1.00|1.00|0.00|7.00|0.03|8.00|1.00,FRENTE,2057.20
-1.00|-1.00|-1.00|-1.00|-1.00|-1.00|1.00|0.00|7.00|0.03|8.00|1.00,MEIA_VOLTA,1159.57
-1.00|-1.00|-1.00|-1.00|-1.00|-1.00|0.00|0.00|0.00|0.04|1.00|1.00,DIREITA,4116.29
-1.00|-1.00|-1.00|-1.00|-1.00|-1.00|0.00|0.00|0.00|0.04|1.00|1.00,ESQUERDA,881.28
-1.00|-1.00|-1.00|-1.00|-1.00|-1.00|0.00|0.00|0.00|0.04|1.00|1.00,FRENTE,875.95
-1.00|-1.00|-1.00|-1.00|-1.00|-1.00|0.00|0.00|0.00|0.04|1.00|1.00,MEIA_VOLTA,1953.73
0.00|0.00|0.00|-1.00|-1.00|-1.00|-1.00|0.00|-1.00|0.00|8.00|8.00,DIREITA,112.59
0.00|0.00|0.00|-1.00|-1.00|-1.00|-1.00|0.00|-1.00|0.00|8.00|8.00,ESQUERDA,111.58
0.00|0.00|0.00|-1.00|-1.00|-1.00|-1.00|0.00|-1.00|0.00|8.00|8.00,FRENTE,154.76
0.00|0.00|0.00|-1.00|-1.00|-1.00|-1.00|0.00|-1.00|0.00|8.00|8.00,MEIA_VOLTA,114.43
-1.00|0.00|-1.00|-1.00|-1.00|-1.00|0.00|0.00|0.00|0.00|1.00|1.00,DIREITA,107.96
-1.00|0.00|-1.00|-1.00|-1.00|-1.00|0.00|0.00|0.00|0.00|1.00|1.00,ESQUERDA,95.27
-1.00|0.00|-1.00|-1.00|-1.00|-1.00|0.00|0.00|0.00|0.00|1.00|1.00,FRENTE,113.26
-1.00|0.00|-1.00|-1.00|-1.00|-1.00|0.00|0.00|0.00|0.00|1.00|1.00,MEIA_VOLTA,114.31
-1.00|-1.00|-1.00|0.00|0.00|0.00|-1.00|-1.00|-1.00|0.04|1.00|8.00,DIREITA,180.72
-1.00|-1.00|-1.00|0.00|0.00|0.00|-1.00|-1.00|-1.00|0.04|1.00|8.00,ESQUERDA,227.00
-1.00|-1.00|-1.00|0.00|0.00|0.00|-1.00|-1.00|-1.00|0.04|1.00|8.00,FRENTE,3834.21
-1.00|-1.00|-1.00|0.00|0.00|0.00|-1.00|-1.00|-1.00|0.04|1.00|8.00,MEIA_VOLTA,220.95
0.00|0.00|0.00|-1.00|-1.00|-1.00|-1.00|0.00|-1.00|0.02|8.00|8.00,DIREITA,761.71
0.00|0.00|0.00|-1.00|-1.00|-1.00|-1.00|0.00|-1.00|0.02|8.00|8.00,ESQUERDA,2308.41
0.00|0.00|0.00|-1.00|-1.00|-1.00|-1.00|0.00|-1.00|0.02|8.00|8.00,FRENTE,442.50
0.00|0.00|0.00|-1.00|-1.00|-1.00|-1.00|0.00|-1.00|0.02|8.00|8.00,MEIA_VOLTA,522.35
-1.00|0.00|-1.00|-1.00|-1.00|-1.00|0.00|0.00|0.00|0.02|1.00|1.00,DIREITA,2213.37
-1.00|0.00|-1.00|-1.00|-1.00|-1.00|0.00|0.00|0.00|0.02|1.00|1.00,ESQUERDA,677.27
-1.00|0.00|-1.00|-1.00|-1.00|-1.00|0.00|0.00|0.00|0.02|1.00|1.00,FRENTE,237.83
-1.00|0.00|-1.00|-1.00|-1.00|-1.00|0.00|0.00|0.00|0.02|1.00|1.00,MEIA_VOLTA,1041.74
0.00|0.00|0.00|-1.00|-1.00|-1.00|-1.00|-1.00|-1.00|0.04|8.00|8.00,DIREITA,691.94
0.00|0.00|0.00|-1.00|-1.00|-1.00|-1.00|-1.00|-1.00|0.04|8.00|8.00,ESQUERDA,4056.32
0.00|0.00|0.00|-1.00|-1.00|-1.00|-1.00|-1.00|-1.00|0.04|8.00|8.00,FRENTE,378.30
0.00|0.00|0.00|-1.00|-1.00|-1.00|-1.00|-1.00|-1.00|0.04|8.00|8.00,MEIA_VOLTA,666.51
-1.00|-1.00|-1.00|-1.00|0.00|-1.00|-1.00|-1.00|-1.00|0.04|1.00|1.00,DIREITA,893.09
-1.00|-1.00|-1.00|-1.00|0.00|-1.00|-1.00|-1.00|-1.00|0.04|1.00|1.00,ESQUERDA,481.65
-1.00|-1.00|-1.00|-1.00|0.00|-1.00|-1.00|-1.00|-1.00|0.04|1.00|1.00,FRENTE,545.92
-1.00|-1.00|-1.00|-1.00|0.00|-1.00|-1.00|-1.00|-1.00|0.04|1.00|1.00,MEIA_VOLTA,739.75
-1.00|-1.00|-1.00|1.00|0.00|7.00|-1.00|-1.00|-1.00|0.03|1.00|1.00,DIREITA,409.63
-1.00|-1.00|-1.00|1.00|0.00|7.00|-1.00|-1.00|-1.00|0.03|1.00|1.00,ESQUERDA,385.16
-1.00|-1.00|-1.00|1.00|0.00|7.00|-1.00|-1.00|-1.00|0.03|1.00|1.00,FRENTE,383.96
-1.00|-1.00|-1.00|1.00|0.00|7.00|-1.00|-1.00|-1.00|0.03|1.00|1.00,MEIA_VOLTA,884.35
-1.00|-1.00|-1.00|-1.00|0.00|-1.00|-1.00|0.00|-1.00|0.04|8.00|8.00,DIREITA,-17.15
-1.00|-1.00|-1.00|-1.00|0.00|-1.00|-1.00|0.00|-1.00|0.04|8.00|8.00,ESQUERDA,221.43
-1.00|-1.00|-1.00|-1.00|0.00|-1.00|-1.00|0.00|-1.00|0.04|8.00|8.00,FRENTE,0.00
-1.00|-1.00|-1.00|-1.00|0.00|-1.00|-1.00|0.00|-1.00|0.04|8.00|8.00,MEIA_VOLTA,573.44
-1.00|-1.00|-1.00|-1.00|-1.00|-1.00|1.00|0.00|5.00|0.04|1.00|1.00,DIREITA,0.00
-1.00|-1.00|-1.00|-1.00|-1.00|-1.00|1.00|0.00|5.00|0.04|1.00|1.00,ESQUERDA,722.39
-1.00|-1.00|-1.00|-1.00|-1.00|-1.00|1.00|0.00|5.00|0.04|1.00|1.00,FRENTE,0.00
-1.00|-1.00|-1.00|-1.00|-1.00|-1.00|1.00|0.00|5.00|0.04|1.00|1.00,MEIA_VOLTA,0.00
-1.00|-1.00|-1.00|-1.00|-1.00|-1.00|-1.00|-1.00|-1.00|0.05|8.00|1.00,DIREITA,0.00
-1.00|-1.00|-1.00|-1.00|-1.00|-1.00|-1.00|-1.00|-1.00|0.05|8.00|1.00,ESQUERDA,0.00
-1.00|-1.00|-1.00|-1.00|-1.00|-1.00|-1.00|-1.00|-1.00|0.05|8.00|1.00,FRENTE,0.00
-1.00|-1.00|-1.00|-1.00|-1.00|-1.00|-1.00|-1.00|-1.00|0.05|8.00|1.00,MEIA_VOLTA,0.00
-1.00|-1.00|-1.00|-1.00|-1.00|-1.00|-1.00|-1.00|-1.00|0.05|1.00|8.00,DIREITA,0.00
-1.00|-1.00|-1.00|-1.00|-1.00|-1.00|-1.00|-1.00|-1.00|0.05|1.00|8.00,ESQUERDA,0.00
-1.00|-1.00|-1.00|-1.00|-1.00|-1.00|-1.00|-1.00|-1.00|0.05|1.00|8.00,FRENTE,0.00
-1.00|-1.00|-1.00|-1.00|-1.00|-1.00|-1.00|-1.00|-1.00|0.05|1.00|8.00,MEIA_VOLTA,0.00
-1.00|-1.00|-1.00|-1.00|-1.00|-1.00|-1.00|-1.00|-1.00|0.05|8.00|8.00,DIREITA,0.00
-1.00|-1.00|-1.00|-1.00|-1.00|-1.00|-1.00|-1.00|-1.00|0.05|8.00|8.00,ESQUERDA,0.00
-1.00|-1.00|-1.00|-1.00|-1.00|-1.00|-1.00|-1.00|-1.00|0.05|8.00|8.00,FRENTE,0.00
-1.00|-1.00|-1.00|-1.00|-1.00|-1.00|-1.00|-1.00|-1.00|0.05|8.00|8.00,MEIA_VOLTA,0.00
1.00|0.00|5.00|-1.00|-1.00|-1.00|-1.00|-1.00|-1.00|0.04|1.00|8.00,DIREITA,0.00
1.00|0.00|5.00|-1.00|-1.00|-1.00|-1.00|-1.00|-1.00|0.04|1.00|8.00,ESQUERDA,0.00
1.00|0.00|5.00|-1.00|-1.00|-1.00|-1.00|-1.00|-1.00|0.04|1.00|8.00,FRENTE,0.00
1.00|0.00|5.00|-1.00|-1.00|-1.00|-1.00|-1.00|-1.00|0.04|1.00|8.00,MEIA_VOLTA,0.00
-1.00|-1.00|-1.00|-1.00|-1.00|-1.00|-1.00|-1.00|-1.00|0.05|1.00|1.00,DIREITA,0.00
-1.00|-1.00|-1.00|-1.00|-1.00|-1.00|-1.00|-1.00|-1.00|0.05|1.00|1.00,ESQUERDA,0.00
-1.00|-1.00|-1.00|-1.00|-1.00|-1.00|-1.00|-1.00|-1.00|0.05|1.00|1.00,FRENTE,0.00
-1.00|-1.00|-1.00|-1.00|-1.00|-1.00|-1.00|-1.00|-1.00|0.05|1.00|1.00,MEIA_VOLTA,0.00
-1.00|0.00|-1.00|-1.00|0.00|-1.00|-1.00|-1.00|-1.00|0.04|1.00|1.00,DIREITA,0.00
-1.00|0.00|-1.00|-1.00|0.00|-1.00|-1.00|-1.00|-1.00|0.04|1.00|1.00,ESQUERDA,-11.86
-1.00|0.00|-1.00|-1.00|0.00|-1.00|-1.00|-1.00|-1.00|0.04|1.00|1.00,FRENTE,-18.87
-1.00|0.00|-1.00|-1.00|0.00|-1.00|-1.00|-1.00|-1.00|0.04|1.00|1.00,MEIA_VOLTA,399.05
1.00|0.00|6.00|-1.00|-1.00|-1.00|-1.00|-1.00|-1.00|0.04|8.00|8.00,DIREITA,256.03
1.00|0.00|6.00|-1.00|-1.00|-1.00|-1.00|-1.00|-1.00|0.04|8.00|8.00,ESQUERDA,0.00
1.00|0.00|6.00|-1.00|-1.00|-1.00|-1.00|-1.00|-1.00|0.04|8.00|8.00,FRENTE,243.22
1.00|0.00|6.00|-1.00|-1.00|-1.00|-1.00|-1.00|-1.00|0.04|8.00|8.00,MEIA_VOLTA,13.81
1.00|0.00|6.00|-1.00|-1.00|-1.00|-1.00|-1.00|-1.00|0.04|1.00|8.00,DIREITA,220.39
1.00|0.00|6.00|-1.00|-1.00|-1.00|-1.00|-1.00|-1.00|0.04|1.00|8.00,ESQUERDA,0.00
1.00|0.00|6.00|-1.00|-1.00|-1.00|-1.00|-1.00|-1.00|0.04|1.00|8.00,FRENTE,401.83
1.00|0.00|6.00|-1.00|-1.00|-1.00|-1.00|-1.00|-1.00|0.04|1.00|8.00,MEIA_VOLTA,0.00
-1.00|-1.00|-1.00|-1.00|-1.00|-1.00|1.00|0.00|6.00|0.04|8.00|1.00,DIREITA,0.00
-1.00|-1.00|-1.00|-1.00|-1.00|-1.00|1.00|0.00|6.00|0.04|8.00|1.00,ESQUERDA,404.45
-1.00|-1.00|-1.00|-1.00|-1.00|-1.00|1.00|0.00|6.00|0.04|8.00|1.00,FRENTE,69.27
-1.00|-1.00|-1.00|-1.00|-1.00|-1.00|1.00|0.00|6.00|0.04|8.00|1.00,MEIA_VOLTA,16.66
-1.00|-1.00|-1.00|-1.00|-1.00|-1.00|1.00|0.00|6.00|0.04|1.00|1.00,DIREITA,0.00
-1.00|-1.00|-1.00|-1.00|-1.00|-1.00|1.00|0.00|6.00|0.04|1.00|1.00,ESQUERDA,0.00
-1.00|-1.00|-1.00|-1.00|-1.00|-1.00|1.00|0.00|6.00|0.04|1.00|1.00,FRENTE,370.30
-1.00|-1.00|-1.00|-1.00|-1.00|-1.00|1.00|0.00|6.00|0.04|1.00|1.00,MEIA_VOLTA,18.17
-1.00|0.00|-1.00|-1.00|-1.00|-1.00|0.00|0.00|0.00|0.01|1.00|1.00,DIREITA,1480.63
-1.00|0.00|-1.00|-1.00|-1.00|-1.00|0.00|0.00|0.00|0.01|1.00|1.00,ESQUERDA,474.96
-1.00|0.00|-1.00|-1.00|-1.00|-1.00|0.00|0.00|0.00|0.01|1.00|1.00,FRENTE,227.49
-1.00|0.00|-1.00|-1.00|-1.00|-1.00|0.00|0.00|0.00|0.01|1.00|1.00,MEIA_VOLTA,649.43
-1.00|-1.00|-1.00|-1.00|0.00|-1.00|-1.00|-1.00|-1.00|0.05|8.00|1.00,DIREITA,0.00
-1.00|-1.00|-1.00|-1.00|0.00|-1.00|-1.00|-1.00|-1.00|0.05|8.00|1.00,ESQUERDA,0.00
-1.00|-1.00|-1.00|-1.00|0.00|-1.00|-1.00|-1.00|-1.00|0.05|8.00|1.00,FRENTE,-24.40
-1.00|-1.00|-1.00|-1.00|0.00|-1.00|-1.00|-1.00|-1.00|0.05|8.00|1.00,MEIA_VOLTA,0.00
-1.00|0.00|-1.00|-1.00|-1.00|-1.00|-1.00|-1.00|-1.00|0.05|1.00|1.00,DIREITA,0.00
-1.00|0.00|-1.00|-1.00|-1.00|-1.00|-1.00|-1.00|-1.00|0.05|1.00|1.00,ESQUERDA,-33.62
-1.00|0.00|-1.00|-1.00|-1.00|-1.00|-1.00|-1.00|-1.00|0.05|1.00|1.00,FRENTE,0.00
-1.00|0.00|-1.00|-1.00|-1.00|-1.00|-1.00|-1.00|-1.00|0.05|1.00|1.00,MEIA_VOLTA,0.00
-1.00|-1.00|-1.00|-1.00|-1.00|-1.00|-1.00|0.00|-1.00|0.05|8.00|8.00,DIREITA,-33.62
-1.00|-1.00|-1.00|-1.00|-1.00|-1.00|-1.00|0.00|-1.00|0.05|8.00|8.00,ESQUERDA,0.00
-1.00|-1.00|-1.00|-1.00|-1.00|-1.00|-1.00|0.00|-1.00|0.05|8.00|8.00,FRENTE,0.00
-1.00|-1.00|-1.00|-1.00|-1.00|-1.00|-1.00|0.00|-1.00|0.05|8.00|8.00,MEIA_VOLTA,0.00
1.00|0.00|7.00|-1.00|-1.00|-1.00|-1.00|-1.00|-1.00|0.05|1.00|8.00,DIREITA,0.00
1.00|0.00|7.00|-1.00|-1.00|-1.00|-1.00|-1.00|-1.00|0.05|1.00|8.00,ESQUERDA,0.00
1.00|0.00|7.00|-1.00|-1.00|-1.00|-1.00|-1.00|-1.00|0.05|1.00|8.00,FRENTE,0.00
1.00|0.00|7.00|-1.00|-1.00|-1.00|-1.00|-1.00|-1.00|0.05|1.00|8.00,MEIA_VOLTA,0.00
-1.00|0.00|-1.00|-1.00|-1.00|-1.00|0.00|0.00|0.00|0.04|1.00|1.00,DIREITA,3327.38
-1.00|0.00|-1.00|-1.00|-1.00|-1.00|0.00|0.00|0.00|0.04|1.00|1.00,ESQUERDA,0.00
-1.00|0.00|-1.00|-1.00|-1.00|-1.00|0.00|0.00|0.00|0.04|1.00|1.00,FRENTE,8.18
-1.00|0.00|-1.00|-1.00|-1.00|-1.00|0.00|0.00|0.00|0.04|1.00|1.00,MEIA_VOLTA,16.09
-1.00|-1.00|-1.00|1.00|0.00|5.00|-1.00|-1.00|-1.00|0.04|1.00|1.00,DIREITA,271.86
-1.00|-1.00|-1.00|1.00|0.00|5.00|-1.00|-1.00|-1.00|0.04|1.00|1.00,ESQUERDA,0.00
-1.00|-1.00|-1.00|1.00|0.00|5.00|-1.00|-1.00|-1.00|0.04|1.00|1.00,FRENTE,0.00
-1.00|-1.00|-1.00|1.00|0.00|5.00|-1.00|-1.00|-1.00|0.04|1.00|1.00,MEIA_VOLTA,0.00
-1.00|0.00|-1.00|-1.00|-1.00|-1.00|0.00|0.00|0.00|0.03|1.00|1.00,DIREITA,2905.54
-1.00|0.00|-1.00|-1.00|-1.00|-1.00|0.00|0.00|0.00|0.03|1.00|1.00,ESQUERDA,204.38
-1.00|0.00|-1.00|-1.00|-1.00|-1.00|0.00|0.00|0.00|0.03|1.00|1.00,FRENTE,0.00
-1.00|0.00|-1.00|-1.00|-1.00|-1.00|0.00|0.00|0.00|0.03|1.00|1.00,MEIA_VOLTA,213.11
-1.00|-1.00|-1.00|-1.00|-1.00|-1.00|0.00|0.00|0.00|0.04|1.00|8.00,DIREITA,0.00
-1.00|-1.00|-1.00|-1.00|-1.00|-1.00|0.00|0.00|0.00|0.04|1.00|8.00,ESQUERDA,439.92
-1.00|-1.00|-1.00|-1.00|-1.00|-1.00|0.00|0.00|0.00|0.04|1.00|8.00,FRENTE,340.04
-1.00|-1.00|-1.00|-1.00|-1.00|-1.00|0.00|0.00|0.00|0.04|1.00|8.00,MEIA_VOLTA,3506.50
-1.00|-1.00|-1.00|1.00|0.00|6.00|-1.00|-1.00|-1.00|0.04|1.00|1.00,DIREITA,176.95
-1.00|-1.00|-1.00|1.00|0.00|6.00|-1.00|-1.00|-1.00|0.04|1.00|1.00,ESQUERDA,322.76
-1.00|-1.00|-1.00|1.00|0.00|6.00|-1.00|-1.00|-1.00|0.04|1.00|1.00,FRENTE,0.00
-1.00|-1.00|-1.00|1.00|0.00|6.00|-1.00|-1.00|-1.00|0.04|1.00|1.00,MEIA_VOLTA,0.00
1.00|0.00|5.00|-1.00|-1.00|-1.00|-1.00|-1.00|-1.00|0.04|8.00|8.00,DIREITA,424.69
1.00|0.00|5.00|-1.00|-1.00|-1.00|-1.00|-1.00|-1.00|0.04|8.00|8.00,ESQUERDA,0.00
1.00|0.00|5.00|-1.00|-1.00|-1.00|-1.00|-1.00|-1.00|0.04|8.00|8.00,FRENTE,79.18
1.00|0.00|5.00|-1.00|-1.00|-1.00|-1.00|-1.00|-1.00|0.04|8.00|8.00,MEIA_VOLTA,16.34
-1.00|-1.00|-1.00|-1.00|0.00|-1.00|-1.00|-1.00|-1.00|0.05|1.00|1.00,DIREITA,0.00
-1.00|-1.00|-1.00|-1.00|0.00|-1.00|-1.00|-1.00|-1.00|0.05|1.00|1.00,ESQUERDA,0.00
-1.00|-1.00|-1.00|-1.00|0.00|-1.00|-1.00|-1.00|-1.00|0.05|1.00|1.00,FRENTE,0.00
-1.00|-1.00|-1.00|-1.00|0.00|-1.00|-1.00|-1.00|-1.00|0.05|1.00|1.00,MEIA_VOLTA,0.00
-1.00|0.00|-1.00|-1.00|-1.00|-1.00|0.00|0.00|0.00|0.05|1.00|1.00,DIREITA,0.00
-1.00|0.00|-1.00|-1.00|-1.00|-1.00|0.00|0.00|0.00|0.05|1.00|1.00,ESQUERDA,0.00
-1.00|0.00|-1.00|-1.00|-1.00|-1.00|0.00|0.00|0.00|0.05|1.00|1.00,FRENTE,0.00
-1.00|0.00|-1.00|-1.00|-1.00|-1.00|0.00|0.00|0.00|0.05|1.00|1.00,MEIA_VOLTA,0.00
-1.00|0.00|-1.00|-1.00|0.00|-1.00|-1.00|-1.00|-1.00|0.05|1.00|1.00,DIREITA,0.00
-1.00|0.00|-1.00|-1.00|0.00|-1.00|-1.00|-1.00|-1.00|0.05|1.00|1.00,ESQUERDA,0.00
-1.00|0.00|-1.00|-1.00|0.00|-1.00|-1.00|-1.00|-1.00|0.05|1.00|1.00,FRENTE,0.00
-1.00|0.00|-1.00|-1.00|0.00|-1.00|-1.00|-1.00|-1.00|0.05|1.00|1.00,MEIA_VOLTA,0.00
1.00|0.00|7.00|-1.00|-1.00|-1.00|-1.00|-1.00|-1.00|0.04|8.00|8.00,DIREITA,388.50
1.00|0.00|7.00|-1.00|-1.00|-1.00|-1.00|-1.00|-1.00|0.04|8.00|8.00,ESQUERDA,0.00
1.00|0.00|7.00|-1.00|-1.00|-1.00|-1.00|-1.00|-1.00|0.04|8.00|8.00,FRENTE,0.00
1.00|0.00|7.00|-1.00|-1.00|-1.00|-1.00|-1.00|-1.00|0.04|8.00|8.00,MEIA_VOLTA,0.00
-1.00|-1.00|-1.00|1.00|0.00|6.00|-1.00|-1.00|-1.00|0.04|8.00|1.00,DIREITA,314.62
-1.00|-1.00|-1.00|1.00|0.00|6.00|-1.00|-1.00|-1.00|0.04|8.00|1.00,ESQUERDA,0.00
-1.00|-1.00|-1.00|1.00|0.00|6.00|-1.00|-1.00|-1.00|0.04|8.00|1.00,FRENTE,0.00
-1.00|-1.00|-1.00|1.00|0.00|6.00|-1.00|-1.00|-1.00|0.04|8.00|1.00,MEIA_VOLTA,0.00
-1.00|-1.00|-1.00|1.00|0.00|5.00|-1.00|-1.00|-1.00|0.04|8.00|1.00,DIREITA,151.98
-1.00|-1.00|-1.00|1.00|0.00|5.00|-1.00|-1.00|-1.00|0.04|8.00|1.00,ESQUERDA,0.00
-1.00|-1.00|-1.00|1.00|0.00|5.00|-1.00|-1.00|-1.00|0.04|8.00|1.00,FRENTE,0.00
-1.00|-1.00|-1.00|1.00|0.00|5.00|-1.00|-1.00|-1.00|0.04|8.00|1.00,MEIA_VOLTA,233.94
-1.00|-1.00|-1.00|-1.00|-1.00|-1.00|1.00|0.00|6.00|0.05|1.00|1.00,DIREITA,0.00
-1.00|-1.00|-1.00|-1.00|-1.00|-1.00|1.00|0.00|6.00|0.05|1.00|1.00,ESQUERDA,0.00
-1.00|-1.00|-1.00|-1.00|-1.00|-1.00|1.00|0.00|6.00|0.05|1.00|1.00,FRENTE,0.00
-1.00|-1.00|-1.00|-1.00|-1.00|-1.00|1.00|0.00|6.00|0.05|1.00|1.00,MEIA_VOLTA,0.00
-1.00|-1.00|-1.00|-1.00|0.00|-1.00|-1.00|-1.00|-1.00|0.05|1.00|8.00,DIREITA,0.00
-1.00|-1.00|-1.00|-1.00|0.00|-1.00|-1.00|-1.00|-1.00|0.05|1.00|8.00,ESQUERDA,0.00
-1.00|-1.00|-1.00|-1.00|0.00|-1.00|-1.00|-1.00|-1.00|0.05|1.00|8.00,FRENTE,-10.00
-1.00|-1.00|-1.00|-1.00|0.00|-1.00|-1.00|-1.00|-1.00|0.05|1.00|8.00,MEIA_VOLTA,0.00
-1.00|-1.00|-1.00|-1.00|-1.00|-1.00|1.00|0.00|7.00|0.04|1.00|1.00,DIREITA,0.00
-1.00|-1.00|-1.00|-1.00|-1.00|-1.00|1.00|0.00|7.00|0.04|1.00|1.00,ESQUERDA,240.11
-1.00|-1.00|-1.00|-1.00|-1.00|-1.00|1.00|0.00|7.00|0.04|1.00|1.00,FRENTE,240.11
-1.00|-1.00|-1.00|-1.00|-1.00|-1.00|1.00|0.00|7.00|0.04|1.00|1.00,MEIA_VOLTA,0.00
-1.00|-1.00|-1.00|-1.00|-1.00|-1.00|1.00|0.00|7.00|0.04|8.00|1.00,DIREITA,0.00
-1.00|-1.00|-1.00|-1.00|-1.00|-1.00|1.00|0.00|7.00|0.04|8.00|1.00,ESQUERDA,326.60
-1.00|-1.00|-1.00|-1.00|-1.00|-1.00|1.00|0.00|7.00|0.04|8.00|1.00,FRENTE,0.00
-1.00|-1.00|-1.00|-1.00|-1.00|-1.00|1.00|0.00|7.00|0.04|8.00|1.00,MEIA_VOLTA,0.00
0.00|0.00|0.00|-1.00|-1.00|-1.00|-1.00|0.00|-1.00|0.03|8.00|8.00,DIREITA,203.11
0.00|0.00|0.00|-1.00|-1.00|-1.00|-1.00|0.00|-1.00|0.03|8.00|8.00,ESQUERDA,2173.15
0.00|0.00|0.00|-1.00|-1.00|-1.00|-1.00|0.00|-1.00|0.03|8.00|8.00,FRENTE,138.96
0.00|0.00|0.00|-1.00|-1.00|-1.00|-1.00|0.00|-1.00|0.03|8.00|8.00,MEIA_VOLTA,342.03
-1.00|-1.00|-1.00|1.00|0.00|5.00|-1.00|-1.00|-1.00|0.05|1.00|1.00,DIREITA,0.00
-1.00|-1.00|-1.00|1.00|0.00|5.00|-1.00|-1.00|-1.00|0.05|1.00|1.00,ESQUERDA,0.00
-1.00|-1.00|-1.00|1.00|0.00|5.00|-1.00|-1.00|-1.00|0.05|1.00|1.00,FRENTE,0.00
-1.00|-1.00|-1.00|1.00|0.00|5.00|-1.00|-1.00|-1.00|0.05|1.00|1.00,MEIA_VOLTA,0.00
-1.00|-1.00|-1.00|-1.00|-1.00|-1.00|-1.00|-1.00|-1.00|0.06|1.00|1.00,DIREITA,0.00
-1.00|-1.00|-1.00|-1.00|-1.00|-1.00|-1.00|-1.00|-1.00|0.06|1.00|1.00,ESQUERDA,0.00
-1.00|-1.00|-1.00|-1.00|-1.00|-1.00|-1.00|-1.00|-1.00|0.06|1.00|1.00,FRENTE,0.00
-1.00|-1.00|-1.00|-1.00|-1.00|-1.00|-1.00|-1.00|-1.00|0.06|1.00|1.00,MEIA_VOLTA,0.00
-1.00|-1.00|-1.00|-1.00|-1.00|-1.00|-1.00|-1.00|-1.00|0.06|8.00|1.00,DIREITA,0.00
-1.00|-1.00|-1.00|-1.00|-1.00|-1.00|-1.00|-1.00|-1.00|0.06|8.00|1.00,ESQUERDA,0.00
-1.00|-1.00|-1.00|-1.00|-1.00|-1.00|-1.00|-1.00|-1.00|0.06|8.00|1.00,FRENTE,0.00
-1.00|-1.00|-1.00|-1.00|-1.00|-1.00|-1.00|-1.00|-1.00|0.06|8.00|1.00,MEIA_VOLTA,0.00
-1.00|-1.00|-1.00|-1.00|-1.00|-1.00|-1.00|-1.00|-1.00|0.06|1.00|8.00,DIREITA,0.00
-1.00|-1.00|-1.00|-1.00|-1.00|-1.00|-1.00|-1.00|-1.00|0.06|1.00|8.00,ESQUERDA,0.00
-1.00|-1.00|-1.00|-1.00|-1.00|-1.00|-1.00|-1.00|-1.00|0.06|1.00|8.00,FRENTE,0.00
-1.00|-1.00|-1.00|-1.00|-1.00|-1.00|-1.00|-1.00|-1.00|0.06|1.00|8.00,MEIA_VOLTA,0.00
-1.00|-1.00|-1.00|-1.00|-1.00|-1.00|-1.00|-1.00|-1.00|0.06|8.00|8.00,DIREITA,0.00
-1.00|-1.00|-1.00|-1.00|-1.00|-1.00|-1.00|-1.00|-1.00|0.06|8.00|8.00,ESQUERDA,0.00
-1.00|-1.00|-1.00|-1.00|-1.00|-1.00|-1.00|-1.00|-1.00|0.06|8.00|8.00,FRENTE,0.00
-1.00|-1.00|-1.00|-1.00|-1.00|-1.00|-1.00|-1.00|-1.00|0.06|8.00|8.00,MEIA_VOLTA,0.00
-1.00|-1.00|-1.00|-1.00|-1.00|-1.00|1.00|0.00|5.00|0.04|8.00|1.00,DIREITA,0.00
-1.00|-1.00|-1.00|-1.00|-1.00|-1.00|1.00|0.00|5.00|0.04|8.00|1.00,ESQUERDA,0.00
-1.00|-1.00|-1.00|-1.00|-1.00|-1.00|1.00|0.00|5.00|0.04|8.00|1.00,FRENTE,364.67
-1.00|-1.00|-1.00|-1.00|-1.00|-1.00|1.00|0.00|5.00|0.04|8.00|1.00,MEIA_VOLTA,0.00
-1.00|-1.00|-1.00|1.00|0.00|7.00|-1.00|-1.00|-1.00|0.04|8.00|1.00,DIREITA,0.00
-1.00|-1.00|-1.00|1.00|0.00|7.00|-1.00|-1.00|-1.00|0.04|8.00|1.00,ESQUERDA,146.53
-1.00|-1.00|-1.00|1.00|0.00|7.00|-1.00|-1.00|-1.00|0.04|8.00|1.00,FRENTE,0.00
-1.00|-1.00|-1.00|1.00|0.00|7.00|-1.00|-1.00|-1.00|0.04|8.00|1.00,MEIA_VOLTA,0.00
-1.00|-1.00|-1.00|0.00|0.00|0.00|-1.00|-1.00|-1.00|0.05|1.00|1.00,DIREITA,0.00
-1.00|-1.00|-1.00|0.00|0.00|0.00|-1.00|-1.00|-1.00|0.05|1.00|1.00,ESQUERDA,0.00
-1.00|-1.00|-1.00|0.00|0.00|0.00|-1.00|-1.00|-1.00|0.05|1.00|1.00,FRENTE,0.00
-1.00|-1.00|-1.00|0.00|0.00|0.00|-1.00|-1.00|-1.00|0.05|1.00|1.00,MEIA_VOLTA,0.00
-1.00|-1.00|-1.00|-1.00|0.00|-1.00|-1.00|-1.00|-1.00|0.05|8.00|8.00,DIREITA,0.00
-1.00|-1.00|-1.00|-1.00|0.00|-1.00|-1.00|-1.00|-1.00|0.05|8.00|8.00,ESQUERDA,0.00
-1.00|-1.00|-1.00|-1.00|0.00|-1.00|-1.00|-1.00|-1.00|0.05|8.00|8.00,FRENTE,-10.00
-1.00|-1.00|-1.00|-1.00|0.00|-1.00|-1.00|-1.00|-1.00|0.05|8.00|8.00,MEIA_VOLTA,0.00
-1.00|-1.00|-1.00|-1.00|-1.00|-1.00|-1.00|0.00|-1.00|0.02|8.00|1.00,DIREITA,102.04
-1.00|-1.00|-1.00|-1.00|-1.00|-1.00|-1.00|0.00|-1.00|0.02|8.00|1.00,ESQUERDA,717.74
-1.00|-1.00|-1.00|-1.00|-1.00|-1.00|-1.00|0.00|-1.00|0.02|8.00|1.00,FRENTE,238.01
-1.00|-1.00|-1.00|-1.00|-1.00|-1.00|-1.00|0.00|-1.00|0.02|8.00|1.00,MEIA_VOLTA,0.00
0.00|0.00|0.00|-1.00|-1.00|-1.00|-1.00|0.00|-1.00|0.04|8.00|8.00,DIREITA,0.00
0.00|0.00|0.00|-1.00|-1.00|-1.00|-1.00|0.00|-1.00|0.04|8.00|8.00,ESQUERDA,0.00
0.00|0.00|0.00|-1.00|-1.00|-1.00|-1.00|0.00|-1.00|0.04|8.00|8.00,FRENTE,204.86
0.00|0.00|0.00|-1.00|-1.00|-1.00|-1.00|0.00|-1.00|0.04|8.00|8.00,MEIA_VOLTA,0.00
-1.00|-1.00|-1.00|-1.00|-1.00|-1.00|-1.00|0.00|-1.00|0.03|8.00|1.00,DIREITA,36.04
-1.00|-1.00|-1.00|-1.00|-1.00|-1.00|-1.00|0.00|-1.00|0.03|8.00|1.00,ESQUERDA,974.61
-1.00|-1.00|-1.00|-1.00|-1.00|-1.00|-1.00|0.00|-1.00|0.03|8.00|1.00,FRENTE,0.00
-1.00|-1.00|-1.00|-1.00|-1.00|-1.00|-1.00|0.00|-1.00|0.03|8.00|1.00,MEIA_VOLTA,0.00
-1.00|-1.00|-1.00|-1.00|-1.00|-1.00|-1.00|0.00|-1.00|0.01|8.00|1.00,DIREITA,0.00
-1.00|-1.00|-1.00|-1.00|-1.00|-1.00|-1.00|0.00|-1.00|0.01|8.00|1.00,ESQUERDA,420.81
-1.00|-1.00|-1.00|-1.00|-1.00|-1.00|-1.00|0.00|-1.00|0.01|8.00|1.00,FRENTE,0.00
-1.00|-1.00|-1.00|-1.00|-1.00|-1.00|-1.00|0.00|-1.00|0.01|8.00|1.00,MEIA_VOLTA,0.00