1
(0,0)
0
S (0,-1) (0,1) (1,0)
0.08864960661266756
0.3268636426528627
0.6763636886192503
0.09157183434399893
-0.1902107918028046
-0.352302645129426
0.4565532157693151
-0.5501585775976132
0.17184679895174196
-0.657388092484341
0.42135482813127645
0.11088430034767506
-0.1389025487879521
0.024700175093246454
0.3652151113991218
-0.4672557357860136
-0.16937411174003852
-0.4405963183455707
-0.09201585433839099
0.2563083047370712
0.4929134467013916
-0.17842771743164956
-0.5993570685381813
-0.2611210717789808
-0.13438737594389324
-0.09731011026847464
-0.21788972192353534
-0.22533742311317762
-0.707324757515865
0.015450360197348897
0.20600871402540885
0.27892857694289247
-0.3199931357887019
0.5992809891953814
-0.6418995465462776
-0.5389592059229911
0.46597275991318277
-0.28699599754386973
-0.3217986248594381
0.09122715817854118
0.11795930293951871
-0.35601055190836584
0.06198039635699859
0.05365970503603845
-0.4511909423975152
-0.4454632253323436
0.3677849022803082
0.37209520727261614
0.3630607705655487
-0.3243223621799882
0.30996149896964836
-0.11057649654989365
0.665542912116082
-0.05461367484399646
-0.2959515128580238
-0.22046513569832132
-0.10388436444688896
-0.016014948830785802
-0.3891758354515286
-0.7128764238898587
-0.0826624543121522
1
0.5192720473856588
0.44945202774218607
0.0035015095506284455
-0.12251907714987736
-0.22253392632526647
-0.25066327381394493
0.31380427713721104
0.08843884341791064
-0.2530224476554337
0.31461840816964093