1
(0,0)
0
S (0,-1) (0,1) (1,0)
-0.3807086171468822
0.08869558458071936
-0.3322745240746242
0.09936530180909678
-0.013259944299907664
-0.38039761505279246
0.03585048845952411
-0.0014238945040283488
0.10998094635793362
-0.0036266964982091393
-0.282988366961489
0.2119468198823426
-0.22467455693152216
0.403362829734943
-0.045368789725424435
0.398364082847352
0.025238622253289933
-0.14256452074949846
0.3216964644818119
0.10455634670644343
-0.3361042783640109
0.42547857499223596
0.11190617191137328
-0.1024812809523494
0.3198418953473715
-0.07955202686949699
-0.5323665121371602
0.1350914735483623
0.26165659808845293
-0.11747912135465319
0.3602660396131234
0.1670726430045227
0.08387836569343746
0.40208580720835596
-0.26265022185536
0.08109653071441593
-0.04710670870690429
0.037526455322341806
0.09192111947319373
-0.4494363219022349
-0.49607823312198734
0.6156184348395461
0.1450182715506626
0.6725349677649657
-0.07504118073944525
0.4161339510187556
0.07978583905377086
-0.09659099118376607
0.0035125776753219956
0.38882263416690976
-0.09061721910785736
-0.5760081998322626
-0.24931164716453774
-0.22170053300984255
0.07795897671440663
-0.13970013884288854
0.5870813241005761
-0.09239918350289283
-0.4501878678559992
-0.4296933237098388
0.1150222476886924
0.4300664538797355
0.2699637531052211
-0.39540827180115656
0.3168314417862351
-0.042499661881072036
0.032729257960712924
-0.21936230122906164
-0.3811795006079301
-0.7728755221072335
-0.30521118976661926
0.5867247061789551
-0.4795960144872147
0.2310831536824568
-0.4017980770442595
-0.20815931840906216
-0.23111568368345844
-0.1820859104219557
-0.4479722139489798
-0.18877800513168114
0.4300266369076766
0.416688222778485
0.30400719977650653
-0.2842255147018312
0.08182016436462058
-0.1631406588461241
-0.02542108975130916
-0.6201903365733064
0.013012517012923358
0.5127605914528183
-0.19905986172949713
-0.23880169629915815
-0.43381459453304483
-0.2473066542640714
0.006300207146861941
0.3981073628730498
-0.33586869882422216
-0.31437824393648967
-0.05652567518394566
0.21912892764194775
-0.36194105577132074
-0.5543375141750345
-0.2747868937579278
-0.2565329472552072
-0.6166912958608064
0.2466076938699368
-0.4131935789399869
-0.10660192183219802
0.19114147500466527