1
(0,0)
0
S (0,-1) (0,1) (1,0)
0.18692682922108583
-0.5140844262628947
-0.46181456791888303
0.027475192459502425
0.24998190644295865
0.432014652534809
-0.3022985140373367
-0.6525461743893373
0.04587988123175127
0.1274839753537714
-0.26775888681452736
0.023241064561737166
-0.3562982771558091
0.727685325150999
-0.19064952287097087
-0.15451972760562205
-0.08913254133852688
0.1962007127396139
0.4862308894410226
-0.019235918733224402
0.4770153052410111
-0.030255053411820165
-0.5273045915840004
-0.5618138018897916
-0.32028367421637216
-0.027710646185184665
0.3755816757589844
-0.4175870459037909
-0.39295016610359956
0.39257813148632603
0.16236668655054742
-0.13176022471665094
-0.38483075324253724
-0.5443442710377588
0.5403287305355096
-0.5841137183986885
0.3961878906081435
0.6113796865033735
0.36255746051709253
-0.019782893377187166
0.5069556904584875
0.1901934508220291
0.6463893937378694
0.29462434973952045
0.29733176946774353
0.053985548508485005
0.6047320444992497
-0.47365806612853606
-0.2977506212415193
-0.2792856780711232
0.6154767689068368
-0.08791767811137413
-0.5668506951914233
0.410979247068331
-0.6459360811136206
-0.3341598439915904
-0.026911026982646313
0.38597941209438624
0.039902692341968554
0.6125770973164988
-0.616557876937615
-0.02914935409304363
-0.1531223869789791
0.4805874325587336
-0.48434543234780053
-0.27450587906266943
-0.4452136537386149
-0.5282505153389078
-0.17286396970956464
0.041903123477146045
0.23304654726003793
0.409798942274886
0.39659425666858966
0.27524456713877
0.17997203946818383
0.5450603669095696
0.15730837595241262
0.33286091961177877
0.7418238003420178
-0.4513977402801811
0.16784789885054843
0.1245390058760964
-0.1972235291700722
-0.2417609750793586
-0.5409396843219817
0.38070786062313167
0.5322385565151458
0.10371057206698941
-0.5167720972249291
-0.704786360495192
0.41679644413014477
0.5857461804406614
0.2567938702661773
-0.09356600676705065
-0.5176729786424336
0.4060545976752088
-0.49250292228372516
-0.18830890513720047
-0.03898315721330253
-0.2518356284407833
-0.37165271934876437
-0.23575517175122054
-0.36828756944570806
0.5636037637627263
0.16524312165771546
0.4540708124459071
0.14305900769278357
-0.06061114662090212
-0.1456238630879686