1
(0,0)
0
S (0,-1) (0,1) (1,0)
0.2
0.9
1
0.05
10
-1.00|0.00|-1.00|-1.00|-1.00|-1.00|-1.00|-1.00|-1.00|1.00,DIREITA,4.28
-1.00|0.00|-1.00|-1.00|-1.00|-1.00|-1.00|-1.00|-1.00|1.00,ESQUERDA,4.11
-1.00|0.00|-1.00|-1.00|-1.00|-1.00|-1.00|-1.00|-1.00|1.00,FRENTE,4.15
-1.00|0.00|-1.00|-1.00|-1.00|-1.00|-1.00|-1.00|-1.00|1.00,MEIA_VOLTA,4.11
-1.00|-1.00|-1.00|-1.00|-1.00|-1.00|-1.00|0.00|-1.00|8.00,DIREITA,3.22
-1.00|-1.00|-1.00|-1.00|-1.00|-1.00|-1.00|0.00|-1.00|8.00,ESQUERDA,12.49
-1.00|-1.00|-1.00|-1.00|-1.00|-1.00|-1.00|0.00|-1.00|8.00,FRENTE,4.24
-1.00|-1.00|-1.00|-1.00|-1.00|-1.00|-1.00|0.00|-1.00|8.00,MEIA_VOLTA,4.23
-1.00|-1.00|-1.00|-1.00|-1.00|-1.00|0.00|1.00|0.00|1.00,DIREITA,7.85
-1.00|-1.00|-1.00|-1.00|-1.00|-1.00|0.00|1.00|0.00|1.00,ESQUERDA,7.31
-1.00|-1.00|-1.00|-1.00|-1.00|-1.00|0.00|1.00|0.00|1.00,FRENTE,48.07
-1.00|-1.00|-1.00|-1.00|-1.00|-1.00|0.00|1.00|0.00|1.00,MEIA_VOLTA,6.09
-1.00|-1.00|-1.00|-1.00|0.00|-1.00|-1.00|-1.00|-1.00|1.00,DIREITA,4.32
-1.00|-1.00|-1.00|-1.00|0.00|-1.00|-1.00|-1.00|-1.00|1.00,ESQUERDA,5.82
-1.00|-1.00|-1.00|-1.00|0.00|-1.00|-1.00|-1.00|-1.00|1.00,FRENTE,4.28
-1.00|-1.00|-1.00|-1.00|0.00|-1.00|-1.00|-1.00|-1.00|1.00,MEIA_VOLTA,3.05
-1.00|-1.00|-1.00|-1.00|0.00|-1.00|-1.00|0.00|-1.00|8.00,DIREITA,3.91
-1.00|-1.00|-1.00|-1.00|0.00|-1.00|-1.00|0.00|-1.00|8.00,ESQUERDA,0.73
-1.00|-1.00|-1.00|-1.00|0.00|-1.00|-1.00|0.00|-1.00|8.00,FRENTE,0.88
-1.00|-1.00|-1.00|-1.00|0.00|-1.00|-1.00|0.00|-1.00|8.00,MEIA_VOLTA,3.95
0.00|1.00|0.00|-1.00|-1.00|-1.00|-1.00|0.00|-1.00|8.00,DIREITA,-0.27
0.00|1.00|0.00|-1.00|-1.00|-1.00|-1.00|0.00|-1.00|8.00,ESQUERDA,-0.29
0.00|1.00|0.00|-1.00|-1.00|-1.00|-1.00|0.00|-1.00|8.00,FRENTE,-0.24
0.00|1.00|0.00|-1.00|-1.00|-1.00|-1.00|0.00|-1.00|8.00,MEIA_VOLTA,2.93
-1.00|0.00|-1.00|-1.00|-1.00|-1.00|0.00|1.00|0.00|1.00,DIREITA,-0.25
-1.00|0.00|-1.00|-1.00|-1.00|-1.00|0.00|1.00|0.00|1.00,ESQUERDA,-0.35
-1.00|0.00|-1.00|-1.00|-1.00|-1.00|0.00|1.00|0.00|1.00,FRENTE,13.94
-1.00|0.00|-1.00|-1.00|-1.00|-1.00|0.00|1.00|0.00|1.00,MEIA_VOLTA,0.08
-1.00|0.00|-1.00|-1.00|0.00|-1.00|-1.00|-1.00|-1.00|1.00,DIREITA,1.44
-1.00|0.00|-1.00|-1.00|0.00|-1.00|-1.00|-1.00|-1.00|1.00,ESQUERDA,2.90
-1.00|0.00|-1.00|-1.00|0.00|-1.00|-1.00|-1.00|-1.00|1.00,FRENTE,0.35
-1.00|0.00|-1.00|-1.00|0.00|-1.00|-1.00|-1.00|-1.00|1.00,MEIA_VOLTA,4.86
-1.00|-1.00|-1.00|-1.00|-1.00|-1.00|-1.00|-1.00|-1.00|8.00,DIREITA,4.61
-1.00|-1.00|-1.00|-1.00|-1.00|-1.00|-1.00|-1.00|-1.00|8.00,ESQUERDA,4.23
-1.00|-1.00|-1.00|-1.00|-1.00|-1.00|-1.00|-1.00|-1.00|8.00,FRENTE,4.23
-1.00|-1.00|-1.00|-1.00|-1.00|-1.00|-1.00|-1.00|-1.00|8.00,MEIA_VOLTA,5.89
-1.00|-1.00|-1.00|-1.00|-1.00|-1.00|0.00|1.00|0.00|8.00,DIREITA,5.06
-1.00|-1.00|-1.00|-1.00|-1.00|-1.00|0.00|1.00|0.00|8.00,ESQUERDA,7.07
-1.00|-1.00|-1.00|-1.00|-1.00|-1.00|0.00|1.00|0.00|8.00,FRENTE,4.13
-1.00|-1.00|-1.00|-1.00|-1.00|-1.00|0.00|1.00|0.00|8.00,MEIA_VOLTA,4.10
-1.00|-1.00|-1.00|-1.00|-1.00|-1.00|-1.00|-1.00|-1.00|1.00,DIREITA,13.81
-1.00|-1.00|-1.00|-1.00|-1.00|-1.00|-1.00|-1.00|-1.00|1.00,ESQUERDA,3.80
-1.00|-1.00|-1.00|-1.00|-1.00|-1.00|-1.00|-1.00|-1.00|1.00,FRENTE,3.79
-1.00|-1.00|-1.00|-1.00|-1.00|-1.00|-1.00|-1.00|-1.00|1.00,MEIA_VOLTA,4.21
-1.00|-1.00|-1.00|0.00|1.00|0.00|-1.00|-1.00|-1.00|8.00,DIREITA,0.55
-1.00|-1.00|-1.00|0.00|1.00|0.00|-1.00|-1.00|-1.00|8.00,ESQUERDA,12.01
-1.00|-1.00|-1.00|0.00|1.00|0.00|-1.00|-1.00|-1.00|8.00,FRENTE,3.50
-1.00|-1.00|-1.00|0.00|1.00|0.00|-1.00|-1.00|-1.00|8.00,MEIA_VOLTA,0.51
0.00|1.00|0.00|-1.00|-1.00|-1.00|-1.00|-1.00|-1.00|8.00,DIREITA,8.98
0.00|1.00|0.00|-1.00|-1.00|-1.00|-1.00|-1.00|-1.00|8.00,ESQUERDA,1.35
0.00|1.00|0.00|-1.00|-1.00|-1.00|-1.00|-1.00|-1.00|8.00,FRENTE,3.48
0.00|1.00|0.00|-1.00|-1.00|-1.00|-1.00|-1.00|-1.00|8.00,MEIA_VOLTA,14.21
0.00|1.00|0.00|0.00|1.00|0.00|-1.00|-1.00|-1.00|1.00,DIREITA,10.89
0.00|1.00|0.00|0.00|1.00|0.00|-1.00|-1.00|-1.00|1.00,ESQUERDA,3.81
0.00|1.00|0.00|0.00|1.00|0.00|-1.00|-1.00|-1.00|1.00,FRENTE,3.81
0.00|1.00|0.00|0.00|1.00|0.00|-1.00|-1.00|-1.00|1.00,MEIA_VOLTA,3.67
-1.00|-1.00|-1.00|-1.00|0.00|-1.00|-1.00|-1.00|-1.00|8.00,DIREITA,4.36
-1.00|-1.00|-1.00|-1.00|0.00|-1.00|-1.00|-1.00|-1.00|8.00,ESQUERDA,0.03
-1.00|-1.00|-1.00|-1.00|0.00|-1.00|-1.00|-1.00|-1.00|8.00,FRENTE,0.00
-1.00|-1.00|-1.00|-1.00|0.00|-1.00|-1.00|-1.00|-1.00|8.00,MEIA_VOLTA,1.47
-1.00|-1.00|-1.00|0.00|1.00|0.00|-1.00|-1.00|-1.00|1.00,DIREITA,4.79
-1.00|-1.00|-1.00|0.00|1.00|0.00|-1.00|-1.00|-1.00|1.00,ESQUERDA,5.39
-1.00|-1.00|-1.00|0.00|1.00|0.00|-1.00|-1.00|-1.00|1.00,FRENTE,5.36
-1.00|-1.00|-1.00|0.00|1.00|0.00|-1.00|-1.00|-1.00|1.00,MEIA_VOLTA,5.22
0.00|1.00|0.00|-1.00|-1.00|-1.00|-1.00|-1.00|-1.00|1.00,DIREITA,4.28
0.00|1.00|0.00|-1.00|-1.00|-1.00|-1.00|-1.00|-1.00|1.00,ESQUERDA,-0.12
0.00|1.00|0.00|-1.00|-1.00|-1.00|-1.00|-1.00|-1.00|1.00,FRENTE,0.23
0.00|1.00|0.00|-1.00|-1.00|-1.00|-1.00|-1.00|-1.00|1.00,MEIA_VOLTA,-0.08
0.00|0.00|100.00|0.00|1.00|0.00|-1.00|-1.00|-1.00|8.00,DIREITA,9.08
0.00|0.00|100.00|0.00|1.00|0.00|-1.00|-1.00|-1.00|8.00,ESQUERDA,118.11
0.00|0.00|100.00|0.00|1.00|0.00|-1.00|-1.00|-1.00|8.00,FRENTE,104.92
0.00|0.00|100.00|0.00|1.00|0.00|-1.00|-1.00|-1.00|8.00,MEIA_VOLTA,99.39
-1.00|-1.00|-1.00|0.00|1.00|0.00|0.00|1.00|0.00|1.00,DIREITA,5.46
-1.00|-1.00|-1.00|0.00|1.00|0.00|0.00|1.00|0.00|1.00,ESQUERDA,13.88
-1.00|-1.00|-1.00|0.00|1.00|0.00|0.00|1.00|0.00|1.00,FRENTE,5.97
-1.00|-1.00|-1.00|0.00|1.00|0.00|0.00|1.00|0.00|1.00,MEIA_VOLTA,8.78
-1.00|-1.00|-1.00|0.00|1.00|0.00|-1.00|0.00|-1.00|8.00,DIREITA,1.06
-1.00|-1.00|-1.00|0.00|1.00|0.00|-1.00|0.00|-1.00|8.00,ESQUERDA,5.87
-1.00|-1.00|-1.00|0.00|1.00|0.00|-1.00|0.00|-1.00|8.00,FRENTE,0.63
-1.00|-1.00|-1.00|0.00|1.00|0.00|-1.00|0.00|-1.00|8.00,MEIA_VOLTA,2.43
-1.00|0.00|-1.00|0.00|1.00|0.00|-1.00|-1.00|-1.00|1.00,DIREITA,0.23
-1.00|0.00|-1.00|0.00|1.00|0.00|-1.00|-1.00|-1.00|1.00,ESQUERDA,0.09
-1.00|0.00|-1.00|0.00|1.00|0.00|-1.00|-1.00|-1.00|1.00,FRENTE,0.11
-1.00|0.00|-1.00|0.00|1.00|0.00|-1.00|-1.00|-1.00|1.00,MEIA_VOLTA,8.08
-1.00|-1.00|-1.00|-1.00|0.00|-1.00|0.00|1.00|0.00|8.00,DIREITA,0.38
-1.00|-1.00|-1.00|-1.00|0.00|-1.00|0.00|1.00|0.00|8.00,ESQUERDA,0.77
-1.00|-1.00|-1.00|-1.00|0.00|-1.00|0.00|1.00|0.00|8.00,FRENTE,0.45
-1.00|-1.00|-1.00|-1.00|0.00|-1.00|0.00|1.00|0.00|8.00,MEIA_VOLTA,7.69
0.00|1.00|0.00|-1.00|0.00|-1.00|-1.00|-1.00|-1.00|8.00,DIREITA,-0.16
0.00|1.00|0.00|-1.00|0.00|-1.00|-1.00|-1.00|-1.00|8.00,ESQUERDA,-0.44
0.00|1.00|0.00|-1.00|0.00|-1.00|-1.00|-1.00|-1.00|8.00,FRENTE,0.73
0.00|1.00|0.00|-1.00|0.00|-1.00|-1.00|-1.00|-1.00|8.00,MEIA_VOLTA,0.74
0.00|1.00|0.00|0.00|1.00|0.00|-1.00|-1.00|-1.00|8.00,DIREITA,4.29
0.00|1.00|0.00|0.00|1.00|0.00|-1.00|-1.00|-1.00|8.00,ESQUERDA,4.04
0.00|1.00|0.00|0.00|1.00|0.00|-1.00|-1.00|-1.00|8.00,FRENTE,6.27
0.00|1.00|0.00|0.00|1.00|0.00|-1.00|-1.00|-1.00|8.00,MEIA_VOLTA,9.04
-1.00|-1.00|-1.00|0.00|1.00|0.00|0.00|1.00|0.00|8.00,DIREITA,3.38
-1.00|-1.00|-1.00|0.00|1.00|0.00|0.00|1.00|0.00|8.00,ESQUERDA,4.93
-1.00|-1.00|-1.00|0.00|1.00|0.00|0.00|1.00|0.00|8.00,FRENTE,3.30
-1.00|-1.00|-1.00|0.00|1.00|0.00|0.00|1.00|0.00|8.00,MEIA_VOLTA,2.95
-1.00|-1.00|-1.00|0.00|0.00|100.00|0.00|1.00|0.00|1.00,DIREITA,128.70
-1.00|-1.00|-1.00|0.00|0.00|100.00|0.00|1.00|0.00|1.00,ESQUERDA,18.67
-1.00|-1.00|-1.00|0.00|0.00|100.00|0.00|1.00|0.00|1.00,FRENTE,143.97
-1.00|-1.00|-1.00|0.00|0.00|100.00|0.00|1.00|0.00|1.00,MEIA_VOLTA,7.81
-1.00|-1.00|-1.00|-1.00|-1.00|-1.00|0.00|0.00|100.00|1.00,DIREITA,118.81
-1.00|-1.00|-1.00|-1.00|-1.00|-1.00|0.00|0.00|100.00|1.00,ESQUERDA,26.71
-1.00|-1.00|-1.00|-1.00|-1.00|-1.00|0.00|0.00|100.00|1.00,FRENTE,27.41
-1.00|-1.00|-1.00|-1.00|-1.00|-1.00|0.00|0.00|100.00|1.00,MEIA_VOLTA,100.25
-1.00|-1.00|-1.00|0.00|1.00|0.00|0.00|0.00|100.00|1.00,DIREITA,110.58
-1.00|-1.00|-1.00|0.00|1.00|0.00|0.00|0.00|100.00|1.00,ESQUERDA,8.59
-1.00|-1.00|-1.00|0.00|1.00|0.00|0.00|0.00|100.00|1.00,FRENTE,97.35
-1.00|-1.00|-1.00|0.00|1.00|0.00|0.00|0.00|100.00|1.00,MEIA_VOLTA,98.93
-1.00|-1.00|-1.00|0.00|0.00|100.00|-1.00|-1.00|-1.00|1.00,DIREITA,13.50
-1.00|-1.00|-1.00|0.00|0.00|100.00|-1.00|-1.00|-1.00|1.00,ESQUERDA,23.32
-1.00|-1.00|-1.00|0.00|0.00|100.00|-1.00|-1.00|-1.00|1.00,FRENTE,114.23
-1.00|-1.00|-1.00|0.00|0.00|100.00|-1.00|-1.00|-1.00|1.00,MEIA_VOLTA,16.76
0.00|1.00|0.00|0.00|0.00|100.00|-1.00|-1.00|-1.00|1.00,DIREITA,10.21
0.00|1.00|0.00|0.00|0.00|100.00|-1.00|-1.00|-1.00|1.00,ESQUERDA,104.06
0.00|1.00|0.00|0.00|0.00|100.00|-1.00|-1.00|-1.00|1.00,FRENTE,128.08
0.00|1.00|0.00|0.00|0.00|100.00|-1.00|-1.00|-1.00|1.00,MEIA_VOLTA,10.39
0.00|0.00|100.00|-1.00|-1.00|-1.00|-1.00|-1.00|-1.00|8.00,DIREITA,14.61
0.00|0.00|100.00|-1.00|-1.00|-1.00|-1.00|-1.00|-1.00|8.00,ESQUERDA,109.77
0.00|0.00|100.00|-1.00|-1.00|-1.00|-1.00|-1.00|-1.00|8.00,FRENTE,17.57
0.00|0.00|100.00|-1.00|-1.00|-1.00|-1.00|-1.00|-1.00|8.00,MEIA_VOLTA,98.52