1
(0,0)
0
S (0,-1) (0,1) (1,0)
0.1
0.9
1
0.05
-1.00|0.00|-1.00|-1.00|-1.00|-1.00|-1.00|-1.00|-1.00|1.00,DIREITA,-5.73
-1.00|0.00|-1.00|-1.00|-1.00|-1.00|-1.00|-1.00|-1.00|1.00,ESQUERDA,-1.36
-1.00|0.00|-1.00|-1.00|-1.00|-1.00|-1.00|-1.00|-1.00|1.00,FRENTE,-3.40
-1.00|0.00|-1.00|-1.00|-1.00|-1.00|-1.00|-1.00|-1.00|1.00,MEIA_VOLTA,-1.00
-1.00|-1.00|-1.00|-1.00|-1.00|-1.00|-1.00|0.00|-1.00|8.00,DIREITA,-1.00
-1.00|-1.00|-1.00|-1.00|-1.00|-1.00|-1.00|0.00|-1.00|8.00,ESQUERDA,-5.75
-1.00|-1.00|-1.00|-1.00|-1.00|-1.00|-1.00|0.00|-1.00|8.00,FRENTE,-1.39
-1.00|-1.00|-1.00|-1.00|-1.00|-1.00|-1.00|0.00|-1.00|8.00,MEIA_VOLTA,-1.00
-1.00|-1.00|-1.00|-1.00|-1.00|-1.00|-1.00|-1.00|-1.00|1.00,DIREITA,-1.00
-1.00|-1.00|-1.00|-1.00|-1.00|-1.00|-1.00|-1.00|-1.00|1.00,ESQUERDA,-1.00
-1.00|-1.00|-1.00|-1.00|-1.00|-1.00|-1.00|-1.00|-1.00|1.00,FRENTE,-1.30
-1.00|-1.00|-1.00|-1.00|-1.00|-1.00|-1.00|-1.00|-1.00|1.00,MEIA_VOLTA,-1.00
-1.00|-1.00|-1.00|-1.00|-1.00|-1.00|-1.00|-1.00|-1.00|8.00,DIREITA,-1.00
-1.00|-1.00|-1.00|-1.00|-1.00|-1.00|-1.00|-1.00|-1.00|8.00,ESQUERDA,-1.00
-1.00|-1.00|-1.00|-1.00|-1.00|-1.00|-1.00|-1.00|-1.00|8.00,FRENTE,-1.38
-1.00|-1.00|-1.00|-1.00|-1.00|-1.00|-1.00|-1.00|-1.00|8.00,MEIA_VOLTA,-1.00
-1.00|-1.00|-1.00|-1.00|0.00|-1.00|-1.00|-1.00|-1.00|1.00,DIREITA,-1.08
-1.00|-1.00|-1.00|-1.00|0.00|-1.00|-1.00|-1.00|-1.00|1.00,ESQUERDA,-1.00
-1.00|-1.00|-1.00|-1.00|0.00|-1.00|-1.00|-1.00|-1.00|1.00,FRENTE,-1.01
-1.00|-1.00|-1.00|-1.00|0.00|-1.00|-1.00|-1.00|-1.00|1.00,MEIA_VOLTA,-1.00
-1.00|-1.00|-1.00|-1.00|0.00|-1.00|-1.00|0.00|-1.00|8.00,DIREITA,-1.08
-1.00|-1.00|-1.00|-1.00|0.00|-1.00|-1.00|0.00|-1.00|8.00,ESQUERDA,-5.79
-1.00|-1.00|-1.00|-1.00|0.00|-1.00|-1.00|0.00|-1.00|8.00,FRENTE,-1.13
-1.00|-1.00|-1.00|-1.00|0.00|-1.00|-1.00|0.00|-1.00|8.00,MEIA_VOLTA,-1.00
-1.00|-1.00|-1.00|-1.00|0.00|-1.00|-1.00|-1.00|-1.00|8.00,DIREITA,-1.03
-1.00|-1.00|-1.00|-1.00|0.00|-1.00|-1.00|-1.00|-1.00|8.00,ESQUERDA,-1.00
-1.00|-1.00|-1.00|-1.00|0.00|-1.00|-1.00|-1.00|-1.00|8.00,FRENTE,-1.00
-1.00|-1.00|-1.00|-1.00|0.00|-1.00|-1.00|-1.00|-1.00|8.00,MEIA_VOLTA,-1.00
-1.00|0.00|-1.00|-1.00|0.00|-1.00|-1.00|-1.00|-1.00|1.00,DIREITA,-5.88
-1.00|0.00|-1.00|-1.00|0.00|-1.00|-1.00|-1.00|-1.00|1.00,ESQUERDA,-1.00
-1.00|0.00|-1.00|-1.00|0.00|-1.00|-1.00|-1.00|-1.00|1.00,FRENTE,-1.00
-1.00|0.00|-1.00|-1.00|0.00|-1.00|-1.00|-1.00|-1.00|1.00,MEIA_VOLTA,-1.00
-1.00|-1.00|-1.00|0.00|0.00|100.00|-1.00|-1.00|-1.00|1.00,DIREITA,-0.09
-1.00|-1.00|-1.00|0.00|0.00|100.00|-1.00|-1.00|-1.00|1.00,ESQUERDA,-0.08
-1.00|-1.00|-1.00|0.00|0.00|100.00|-1.00|-1.00|-1.00|1.00,FRENTE,-0.10
-1.00|-1.00|-1.00|0.00|0.00|100.00|-1.00|-1.00|-1.00|1.00,MEIA_VOLTA,-0.18
-1.00|-1.00|-1.00|-1.00|-1.00|-1.00|0.00|0.00|100.00|1.00,DIREITA,-0.01
-1.00|-1.00|-1.00|-1.00|-1.00|-1.00|0.00|0.00|100.00|1.00,ESQUERDA,0.00
-1.00|-1.00|-1.00|-1.00|-1.00|-1.00|0.00|0.00|100.00|1.00,FRENTE,-0.68
-1.00|-1.00|-1.00|-1.00|-1.00|-1.00|0.00|0.00|100.00|1.00,MEIA_VOLTA,-0.19
0.00|0.00|100.00|-1.00|-1.00|-1.00|-1.00|-1.00|-1.00|8.00,DIREITA,-0.09
0.00|0.00|100.00|-1.00|-1.00|-1.00|-1.00|-1.00|-1.00|8.00,ESQUERDA,0.00
0.00|0.00|100.00|-1.00|-1.00|-1.00|-1.00|-1.00|-1.00|8.00,FRENTE,-0.09
0.00|0.00|100.00|-1.00|-1.00|-1.00|-1.00|-1.00|-1.00|8.00,MEIA_VOLTA,-0.10
0.00|0.00|100.00|-1.00|-1.00|-1.00|-1.00|0.00|-1.00|8.00,DIREITA,9.55
0.00|0.00|100.00|-1.00|-1.00|-1.00|-1.00|0.00|-1.00|8.00,ESQUERDA,8.90
0.00|0.00|100.00|-1.00|-1.00|-1.00|-1.00|0.00|-1.00|8.00,FRENTE,0.00
0.00|0.00|100.00|-1.00|-1.00|-1.00|-1.00|0.00|-1.00|8.00,MEIA_VOLTA,-0.10
-1.00|0.00|-1.00|-1.00|-1.00|-1.00|0.00|0.00|100.00|1.00,DIREITA,-0.50
-1.00|0.00|-1.00|-1.00|-1.00|-1.00|0.00|0.00|100.00|1.00,ESQUERDA,0.00
-1.00|0.00|-1.00|-1.00|-1.00|-1.00|0.00|0.00|100.00|1.00,FRENTE,0.00
-1.00|0.00|-1.00|-1.00|-1.00|-1.00|0.00|0.00|100.00|1.00,MEIA_VOLTA,-0.01