1
(0,0)
0
S (0,-1) (0,1) (1,0)
0.18107877495825142
-0.7252646777675262
-0.18774651071840776
0.3463878499659052
-0.463358339799965
0.382734852003892
-0.6725997781849957
0.3712530140445156
-0.7554148442493309
0.3344323538890548
0.8350303900611737
0.7769101389496931
0.029058689473677735
0.6831001906580405
0.3239063476351014
0.7466086314146998
-0.7137106129096642
0.9140272792200066
-0.9055530089678272
0.19354561030782347
-0.8286140162395537
-0.6781441702451019
0.31857477463929595
-0.4418376774249104
-0.5500746355134398
-0.5375896433802083
0.5020352908641925
0.5123287496503761
0.5454338365373539
0.825254217394737
0.5016507793774954
-0.5325995174258915
0.25537136778592795
-0.45097989508880465
-0.2604581015104295
0.37398535281905554
-0.31512478826317647
-0.33690474043414387
-0.8858530181919104
0.5777172477422141
0.9986305711928471
0.14486094372873515
-0.1097477611683193
0.055064324304619605
0.8702911454865332
-0.4136482689089753
0.6698327979360073
0.14994346564053074
-0.9945560974631231
-0.4756608708406125
0.9372380420271904
0.307389913408294
-0.8124882503868052
0.12415851164917413
0.27263600359588014
-0.6902882592364987
-0.9809784334899385
0.7582890197078742
-0.09295474146338822
-0.7968613793134425
0.04598832631442096
-0.3104076828489022
-0.8948367038349514
0.9444919155598912