1
(0,0)
0
S (0,-1) (0,1) (1,0)
0.7270962273519033
0.4634087096455009
-0.8469210202207292
-0.2539229722139923
0.5722759685456842
0.04473098755352339
-0.1587583505346624
0.4587862446455901
-0.0780386037880152
-0.34714198226073784
0.7544422649843794
0.5072605673282674
-0.7467556747834775
-0.9309509557942546
0.9432187917650904
-0.5889963181512607
0.26087826682290993
-0.7367826244272625
-0.6038372381316441
-0.7951203673214716
-0.5896080877539872
0.2910213910209852
-0.08924369492313852
0.2746207776476267
-0.8683414461142475
0.6080998755254596
-0.4495815524037361
0.0668254849451344
-0.029820276054972283
0.2563594239264064
0.1061565162884544
-0.10645819288888425
-0.8239879879733168
-0.8487226398971902
0.5601454006828116
0.40684352450952294
-0.7387158796648646
-0.18827011513546185
-0.4790284707899008
-0.41055694638746065
0.07403459334915723
0.21989751055932263
0.3028964507528367
-0.4099122334213805
-0.9321721666098396
0.36832468091749393
-0.06258177095225494
0.2598894276198543
-0.7665299249830835
-0.9143951135740381
-0.6144061479006997
0.34516497030356175
-0.20789500923593482
0.13160000168534106
-0.3873768603711381
-0.21927696303402927
-0.31419409962524736
0.829073663069426
0.5382869980216631
0.5779833222893899
0.3591953419947807
-0.6409890731213798
-0.15334845193613067
-0.549545646117083
-0.6865020734597959
-0.17881835153085954
-0.13815702030220578
0.6092797288302239
0.08937966799427051
-0.6934477744945787
-0.6673582590189985
0.27531919382602427